# F(k,t) correlation function
# Reference time: 1200.166 ps
# lag_time_ps	F(k,t)
0.000000	8744.28541092
0.100000	231.22288794
0.200000	299.68314605
0.300000	931.82520771
0.400000	-60.06369715
0.500000	337.09039310
0.600000	991.51851743
0.700000	918.01423525
0.800000	-1282.18789704
0.900000	-856.06187854
1.000000	-673.84130058
1.100000	-1019.74094668
1.200000	-348.25270092
1.300000	-1984.73220617
1.400000	1012.68760567
1.500000	-719.44046283
1.600000	-610.76735702
1.700000	229.45196022
1.800000	1777.32947655
1.900000	66.89394175
2.000000	155.42319426
2.100000	-376.00550408
2.200000	-89.47965110
2.300000	1453.25193936
2.400000	915.80426790
2.500000	-694.01647239
2.600000	-453.27020842
2.700000	-80.82902472
2.800000	-93.00660638
2.900000	-491.18406293
3.000000	1863.56163033
3.100000	-1063.86832301
3.200000	476.85910636
3.300000	2003.79686935
3.400000	713.32694479
3.500000	-1173.57697182
3.600000	345.22360452
3.700000	-1776.66667818
3.800000	-184.61838312
3.900000	-13.07558517
4.000000	592.19050932
4.100000	153.67895174
4.200000	125.98196966
4.300000	-147.58759964
4.400000	-190.86128841
4.500000	-335.91206129
4.600000	724.52559602
4.700000	1732.36683579
4.800000	3211.94958828
4.900000	-496.68837257
5.000000	543.09157076
5.100000	-2042.11998550
5.200000	-1212.33814682
5.300000	-784.83712579
5.400000	1334.52602142
5.500000	1089.09544513
5.600000	-330.64652554
5.700000	659.78551513
5.800000	1341.23625553
5.900000	105.68809747
6.000000	1104.69745449
6.100000	-917.19338372
6.200000	524.90311555
6.300000	932.25500288
6.400000	1134.10077050
6.500000	64.77002075
6.600000	-1382.27259875
6.700000	-476.35052367
6.800000	-104.80306806
6.900000	-2139.49346182
7.000000	-478.08324549
7.100000	657.26685307
7.200000	338.74068625
7.300000	621.41039778
7.400000	321.06033399
7.500000	-1443.55476427
7.600000	-499.88184149
7.700000	-462.03343676
7.800000	1023.61165109
7.900000	-66.01127531
8.000000	297.92468887
8.100000	-1165.25275601
8.200000	1228.16598427
8.300000	-269.56316570
8.400000	547.00030259
8.500000	-1268.26374469
8.600000	522.71189162
8.700000	835.37522134
8.800000	-150.30101657
8.900000	1900.67232299
9.000000	1010.95897556
9.100000	193.02936874
9.200000	-844.64342197
9.300000	-66.42445382
9.400000	1031.04298057
9.500000	667.52486342
9.600000	224.44320252
9.700000	944.19841412
9.800000	708.57073729
9.900000	-643.54098333
10.000000	-950.57396926
10.100000	-475.32059308
10.200000	-1233.30228892
10.300000	100.06112773
10.400000	-450.48982903
10.500000	841.36204833
10.600001	-44.91402888
10.700001	-596.14573353
10.800001	-662.43041218
10.900001	-284.27620038
11.000001	374.75821687
11.100001	498.63177497
11.200001	933.96358140
11.300001	-84.20376137
11.400001	116.02994999
11.500001	-1145.09466217
11.600001	-454.63454538
11.700001	-244.32302189
11.800001	486.91442522
11.900001	664.70995330
12.000001	1211.81152194
12.100001	1903.33049980
12.200001	-357.59836187
12.300001	2058.47089366
12.400001	11.70027887
12.500001	-707.01347454
12.600001	240.21496548
12.700001	-716.10191395
12.800001	1304.32106233
12.900001	743.14990255
13.000001	-386.94131476
13.100001	-1775.60110432
13.200001	69.81548480
13.300001	724.11737933
13.400001	-2385.53555795
13.500001	-270.93156853
13.600001	-1402.81702553
13.700001	768.62357792
13.800001	-98.13764269
13.900001	322.47248578
14.000001	-691.29303768
14.100001	755.70569941
14.200001	329.79903022
14.300001	1974.84808198
14.400001	2036.94249839
14.500001	-154.78144847
14.600001	-24.06241757
14.700001	37.57414968
14.800001	1309.51391131
14.900001	-69.54684736
15.000001	-406.02941123
15.100001	1327.23463322
15.200001	-762.27341548
15.300001	-187.32682410
15.400001	823.07628784
15.500001	464.73802318
15.600001	-319.72505401
15.700001	-132.36301632
15.800001	-761.17848107
15.900001	9.44692061
16.000001	92.45599367
16.100001	1464.65295696
16.200001	-1358.56153596
16.300001	-377.77228661
16.400001	1004.57661885
16.500001	1029.64341174
16.600001	-198.60377241
16.700001	1663.98155780
16.800001	1264.05527736
16.900001	-192.09565972
17.000001	413.17284436
17.100001	657.76633164
17.200001	-480.30695346
17.300001	499.12930352
17.400001	-106.44984955
17.500001	50.37596044
17.600001	265.27604395
17.700001	-451.68034258
17.800001	1624.86649930
17.900001	384.32565054
18.000001	1036.53899993
18.100001	-1732.63391132
18.200001	-1520.45404563
18.300001	-499.55629271
18.400001	-904.26563072
18.500001	-273.88426101
18.600001	-709.44844901
18.700001	347.70623708
18.800001	692.23696576
18.900001	-381.57998870
19.000001	-656.22220363
19.100001	22.59409605
19.200001	-353.36847482
19.300001	-1184.89160132
19.400001	562.58041536
19.500001	1704.81710004
19.600001	1114.45483701
19.700001	-260.87461205
19.800001	198.96709153
19.900001	-1173.81691244
20.000001	-326.84814834
20.100001	-360.94758574
20.200001	249.79787158
20.300001	-364.22666291
20.400001	1147.27497120
20.500001	1648.44476202
20.600001	-2048.02340635
20.700001	-751.51220867
20.800001	-186.94295740
20.900001	804.38130452
21.000001	-346.70730388
21.100001	547.75875290
21.200001	1125.99600078
21.300001	316.27077991
21.400001	-1350.66158642
21.500001	-660.47679043
21.600001	-1862.33623785
21.700001	394.99362625
21.800001	-763.61981521
21.900001	-654.66956579
22.000001	456.47173110
22.100001	789.02466580
22.200001	-292.82709253
22.300001	-59.26730217
22.400001	-1.86093469
22.500001	528.27408724
22.600001	198.14211491
22.700001	395.94933163
22.800001	1833.43272585
22.900001	-291.61352216
23.000001	-1193.34763108
23.100001	1037.47835835
23.200001	-142.26698367
23.300001	-1341.34203090
23.400001	226.12136120
23.500001	-130.30381803
23.600001	-1496.03342798
23.700001	10.43344650
23.800001	349.81702663
23.900001	476.12046001
24.000001	720.40383262
24.100001	-266.67380307
24.200001	74.11733783
24.300001	751.49811173
24.400001	543.45602941
24.500001	1855.12906922
24.600001	1002.33711223
24.700001	751.70560109
24.800001	-120.96750934
24.900001	-1949.21474229
25.000001	372.57937952
25.100001	1207.09159902
25.200001	1228.25945705
25.300001	636.10104272
25.400001	-737.09477323
25.500001	-7.37867527
25.600001	75.13713005
25.700001	-969.04922516
25.800001	-1520.48538573
25.900001	351.40933680
26.000001	-91.43807091
26.100001	-618.48199745
26.200001	878.44345309
26.300001	-604.06125648
26.400001	-714.35948819
26.500001	-78.50405239
26.600001	-1122.14527427
26.700001	-856.82352822
26.800001	500.78960953
26.900001	-514.34880585
27.000001	567.22068767
27.100001	970.40116059
27.200001	-409.03795897
27.300001	-951.24187250
27.400001	-768.18343554
27.500001	-1217.06925266
27.600001	-392.76864120
27.700001	-637.30942551
27.800001	767.73048980
27.900001	-609.88692470
28.000001	-1.23284520
28.100001	-502.42635085
28.200001	1265.29596696
28.300001	-1058.56572047
28.400001	237.40475979
28.500001	-502.83202729
28.600001	-190.86807009
28.700001	-102.16462009
28.800001	-153.76369893
28.900001	286.11484923
29.000001	297.67402402
29.100001	354.81616266
29.200001	495.65007488
29.300001	-490.65734100
29.400001	232.67409603
29.500001	-1354.54618393
29.600001	-644.33295717
29.700001	325.94391370
29.800001	661.04942827
29.900001	-478.41815528
30.000001	-546.17763957
30.100001	-811.46110136
30.200001	-507.85444193
30.300001	133.08259014
30.400001	206.51365591
30.500001	-381.46287131
30.600001	-418.70696925
30.700001	-1032.01159258
30.800001	-1007.78443044
30.900001	-1430.05801778
31.000001	-268.47272659
31.100001	-100.10612936
31.200001	358.87469961
31.300001	-1418.01062982
31.400001	-440.07651832
31.500001	1681.09575936
31.600002	-463.56625006
31.700002	14.13401240
31.800002	491.43834390
31.900002	829.70783107
32.000002	-1057.09249273
32.100002	104.11604951
32.200002	817.76974058
32.300002	1194.01937358
32.400002	-587.98416416
32.500002	-224.90154908
32.600002	-709.54770420
32.700002	-572.83433847
32.800002	-139.82598064
32.900002	-610.02084225
33.000002	-1264.84860486
33.100002	-255.17467448
33.200002	-1171.69331056
33.300002	-1489.54441061
33.400002	64.93006678
33.500002	-56.87009013
33.600002	-368.47072618
33.700002	411.86428331
33.800002	1525.30593067
33.900002	115.50420365
34.000002	134.36842246
34.100002	468.81898159
34.200002	-43.62280814
34.300002	-628.97042456
34.400002	1235.30267772
34.500002	-1548.28958175
34.600002	-143.62496522
34.700002	-119.60933737
34.800002	1487.37252857
34.900002	609.40147121
35.000002	-934.32393008
35.100002	-34.89550548
35.200002	-731.28629413
35.300002	-328.51242392
35.400002	299.96642704
35.500002	392.62997636
35.600002	1908.50561137
35.700002	-1434.21499042
35.800002	-916.61835305
35.900002	1710.82260411
36.000002	19.81071525
36.100002	1589.44666179
36.200002	-727.25961285
36.300002	-435.44674835
36.400002	-1172.70947889
36.500002	100.47533232
36.600002	-281.50121500
36.700002	-383.92311743
36.800002	-536.21327573
36.900002	128.25805435
37.000002	920.43636952
37.100002	768.79434881
37.200002	1765.45609513
37.300002	19.75330990
37.400002	-144.75965394
37.500002	705.66204926
37.600002	403.31446031
37.700002	-379.99357545
37.800002	-432.67443908
37.900002	-856.45662291
38.000002	589.04200072
38.100002	437.03505552
38.200002	-887.37273793
38.300002	-1164.92802419
38.400002	-384.98000903
38.500002	425.28979413
38.600002	1279.49495209
38.700002	507.96075393
38.800002	308.84395905
38.900002	2254.88052373
39.000002	717.64567472
39.100002	28.29088318
39.200002	-506.03860562
39.300002	-641.45676460
39.400002	1387.96435890
39.500002	2339.32807604
39.600002	1625.90992727
39.700002	-94.78127726
39.800002	-747.99226797
39.900002	-1830.51066909
40.000002	366.89429988
40.100002	-313.27998165
40.200002	-1381.35113545
40.300002	-1016.39836673
40.400002	145.48924496
40.500002	-1204.62652479
40.600002	545.14577980
40.700002	-1725.06638370
40.800002	-1.68621135
40.900002	1904.72062163
41.000002	1207.35530444
41.100002	1001.01866952
41.200002	-74.08360392
41.300002	-282.67196345
41.400002	1004.33242666
41.500002	484.97975391
41.600002	-61.12791371
41.700002	-969.11573047
41.800002	-795.63276193
41.900002	611.52600416
42.000002	-1147.18591272
42.100002	973.83319255
42.200002	-615.59245164
42.300002	88.62819462
42.400002	-778.35334209
42.500002	96.72290656
42.600002	572.04301524
42.700002	-461.88441962
42.800002	329.40681187
42.900002	685.13886606
43.000002	676.76179807
43.100002	-490.66356511
43.200002	1974.13249777
43.300002	-386.92081317
43.400002	1412.66888327
43.500002	-99.30969199
43.600002	-451.07648311
43.700002	-1084.48592152
43.800002	320.96821795
43.900002	-253.72340839
44.000002	-324.63651969
44.100002	220.79878969
44.200002	-642.43335274
44.300002	1756.14714951
44.400002	26.32472881
44.500002	18.93733286
44.600002	-479.16374419
44.700002	-1564.28287314
44.800002	13.09028992
44.900002	-637.35314984
45.000002	68.39013015
45.100002	1763.70001160
45.200002	1970.12485895
45.300002	548.70124474
45.400002	809.26220443
45.500002	109.74551295
45.600002	-261.16107382
45.700002	-1982.15583948
45.800002	1296.16941891
45.900002	-1028.00684975
46.000002	1567.58616267
46.100002	181.34056873
46.200002	-533.01096003
46.300002	61.29063699
46.400002	-360.08859076
46.500002	-317.73538422
46.600002	1297.91811454
46.700002	578.45932506
46.800002	1155.44566663
46.900002	470.22746108
47.000002	177.57918169
47.100002	-105.36467037
47.200002	108.64809693
47.300002	-562.13334597
47.400002	-538.69248125
47.500002	89.72471107
47.600002	-638.74788634
47.700002	2295.93937679
47.800002	-596.15910032
47.900002	1993.41934833
48.000002	-272.76384457
48.100002	736.72987419
48.200002	-522.46399735
48.300002	-1463.26680226
48.400002	-457.45263566
48.500002	165.74556104
48.600002	395.99638886
48.700002	-317.58165236
48.800002	927.91552980
48.900002	198.18116533
49.000002	167.28546052
49.100002	-460.75924086
49.200002	-463.32437554
49.300002	-668.07897630
49.400002	-398.47341170
49.500002	84.95551320
49.600002	-294.08894553
49.700002	-597.37358146
49.800002	277.96241723
49.900002	383.88618949
50.000002	-114.23834557
50.100002	228.56537923
50.200002	-865.74306882
50.300002	1293.04964016
50.400002	193.15589852
50.500002	2259.10191949
50.600002	915.15580958
50.700002	887.06837064
50.800002	-272.30321939
50.900002	-1466.96984986
51.000002	661.04452928
51.100002	-873.71002861
51.200002	-346.32606705
51.300002	-777.35399267
51.400002	-1649.02610447
51.500002	208.25616111
51.600002	-155.13388062
51.700002	272.49095183
51.800002	438.37624275
51.900002	117.04663349
52.000002	-224.60397233
52.100002	-1123.71455373
52.200002	756.22021763
52.300002	-1167.69208346
52.400002	277.58660450
52.500002	-34.18289779
52.600002	-1412.91448767
52.700003	1120.61826252
52.800003	1307.61297629
52.900003	1647.38699046
53.000003	15.86587704
53.100003	-1095.64898597
53.200003	2561.76784197
53.300003	1562.27318590
53.400003	521.09025121
53.500003	660.04049804
53.600003	-718.32282647
53.700003	774.53509615
53.800003	497.74128253
53.900003	-662.47950265
54.000003	369.83207884
54.100003	-1523.17538855
54.200003	1423.50035353
54.300003	1452.32251376
54.400003	344.56283146
54.500003	-1483.23462061
54.600003	-231.59024128
54.700003	416.74072340
54.800003	723.22696648
54.900003	401.74013131
55.000003	-362.47204340
55.100003	395.72940235
55.200003	-1841.24315670
55.300003	-1004.42988520
55.400003	-1500.02973299
55.500003	-1964.46267639
55.600003	-1691.01921408
55.700003	-1101.02387362
55.800003	-440.37042152
55.900003	83.41136245
56.000003	468.01225525
56.100003	464.73222552
56.200003	966.36565256
56.300003	485.30356364
56.400003	-1005.38762765
56.500003	-372.94934413
56.600003	2125.68975102
56.700003	1785.46084556
56.800003	-1147.33759972
56.900003	634.37803583
57.000003	1240.26179677
57.100003	-1502.44992427
57.200003	-308.80244662
57.300003	-366.91816471
57.400003	725.60116635
57.500003	215.76269384
57.600003	1859.23433007
57.700003	-1017.51432954
57.800003	814.84662801
57.900003	1287.55590157
58.000003	1056.84760787
58.100003	-416.42209906
58.200003	112.06252513
58.300003	-424.08967430
58.400003	-679.54959250
58.500003	-401.27080090
58.600003	-494.54064485
58.700003	68.93122942
58.800003	609.97324878
58.900003	-130.46381622
59.000003	838.35476650
59.100003	806.80042349
59.200003	-49.37783409
59.300003	252.34009394
59.400003	-1249.94630024
59.500003	469.66733831
59.600003	1403.48386453
59.700003	607.36824875
59.800003	-2232.38761571
59.900003	-1050.03410851
60.000003	255.51569612
60.100003	-141.62553403
60.200003	-964.31431285
60.300003	-264.35423747
60.400003	144.10245563
60.500003	242.01841500
60.600003	25.69057605
60.700003	-394.92416213
60.800003	-1092.23835994
60.900003	-1148.15250715
61.000003	-1365.24271959
61.100003	266.17209326
61.200003	444.90309509
61.300003	-680.69169212
61.400003	325.74152878
61.500003	-827.07349446
61.600003	436.72957180
61.700003	-807.02897043
61.800003	-412.55552628
61.900003	-313.21721353
62.000003	64.05423698
62.100003	-463.84654115
62.200003	-488.99942721
62.300003	-31.45471781
62.400003	-311.53181726
62.500003	-898.81876080
62.600003	-232.17502032
62.700003	-68.26531006
62.800003	-860.45134461
62.900003	870.23251832
63.000003	194.80309030
63.100003	-307.63002016
63.200003	-501.12032692
63.300003	173.07083370
63.400003	-633.06489260
63.500003	195.35939019
63.600003	343.76784344
63.700003	-546.00536216
63.800003	596.74724464
63.900003	-824.94629248
64.000003	-498.02083962
64.100003	-1235.65228896
64.200003	-1142.81468664
64.300003	-741.02805215
64.400003	-729.62236168
64.500003	-267.36395444
64.600003	-51.79789889
64.700003	-205.21826050
64.800003	-708.62796860
64.900003	-415.45498462
65.000003	255.32572318
65.100003	-896.43338061
65.200003	-212.92834143
65.300003	-1563.28117672
65.400003	-1172.08143610
65.500003	-971.88489375
65.600003	-385.10061631
65.700003	-209.91154063
65.800003	-1749.14424096
65.900003	-546.72071503
66.000003	-441.24467907
66.100003	-367.59643804
66.200003	-1474.42471778
66.300003	1082.00318283
66.400003	-316.64980499
66.500003	402.88351386
66.600003	49.86767803
66.700003	826.90312844
66.800003	1092.98861666
66.900003	787.95197230
67.000003	1141.20395058
67.100003	-1377.81589392
67.200003	721.51278720
67.300003	-552.78356483
67.400003	-731.02961435
67.500003	503.03208228
67.600003	1.95228808
67.700003	-579.17869679
67.800003	340.62547306
67.900003	990.56292288
68.000003	1489.43144889
68.100003	-18.62911426
68.200003	568.19252674
68.300003	673.91984407
68.400003	1016.61901282
68.500003	19.65262109
68.600003	-982.01930260
68.700003	-1376.03224954
68.800003	656.39106091
68.900003	618.82222578
69.000003	-26.92492744
69.100003	-363.07582353
69.200003	-426.57730058
69.300003	800.48145883
69.400003	398.16855653
69.500003	-197.77699308
69.600003	652.89798664
69.700003	824.54435346
69.800003	-1288.31376713
69.900003	-573.77250394
70.000003	-1220.82512931
70.100003	751.50668198
70.200003	-244.47615473
70.300003	-1350.47421421
70.400003	-306.16967789
70.500003	-1241.74919509
70.600003	-587.53763518
70.700003	-31.72124101
70.800003	241.60932143
70.900003	-531.20215583
71.000003	39.08657020
71.100003	-436.78780519
71.200003	-411.36657140
71.300003	-1045.15258124
71.400003	244.90757931
71.500003	-302.91362077
71.600003	-78.20620819
71.700003	239.86054995
71.800003	-700.08171510
71.900003	407.53673984
72.000003	1651.87497536
72.100003	2094.62858105
72.200003	479.98329462
72.300003	-157.42048737
72.400003	395.53283848
72.500003	530.38802191
72.600003	-1853.59969509
72.700003	-1662.11332064
72.800003	96.93816885
72.900003	1290.05331068
73.000003	750.06012762
73.100003	-451.68038016
73.200003	-999.94991016
73.300003	-654.36989953
73.400003	1547.07446648
73.500003	961.53534608
73.600003	697.50775468
73.700004	420.87308290
73.800004	188.73048214
73.900004	-1666.36488829
74.000004	-76.69008605
74.100004	-1336.82780188
74.200004	-292.87476209
74.300004	3155.56036948
74.400004	-961.46917988
74.500004	-782.84304785
74.600004	-121.96324844
74.700004	1210.42958824
74.800004	-1395.76541884
74.900004	-180.53415724
75.000004	557.58415982
75.100004	100.56887590
75.200004	690.11181920
75.300004	-1213.59450245
75.400004	609.75233426
75.500004	-246.47106728
75.600004	340.74406202
75.700004	153.57810680
75.800004	-1910.80144799
75.900004	516.62679335
76.000004	514.35996905
76.100004	851.39236304
76.200004	45.35837090
76.300004	-66.50254494
76.400004	461.67560955
76.500004	-1168.80058289
76.600004	290.98274325
76.700004	-200.39986430
76.800004	-121.88943277
76.900004	99.61837866
77.000004	-1060.63623520
77.100004	1458.34011469
77.200004	-182.11451117
77.300004	39.80048606
77.400004	151.04985306
77.500004	904.61957684
77.600004	49.16218857
77.700004	-315.42484488
77.800004	484.82979276
77.900004	-755.04611986
78.000004	-352.64974694
78.100004	757.38120648
78.200004	-47.81129966
78.300004	-40.07558690
78.400004	583.29543055
78.500004	-1488.03989801
78.600004	-811.94523841
78.700004	1451.77109881
78.800004	958.72100009
78.900004	2258.88640118
79.000004	-79.25033542
79.100004	-543.49196956
79.200004	312.40607330
79.300004	759.31221661
79.400004	708.68784210
79.500004	-313.32832972
79.600004	523.77284776
79.700004	571.24438576
79.800004	1005.25514080
79.900004	-231.12129008
80.000004	1163.21744878
80.100004	-147.16793441
80.200004	345.20692317
80.300004	905.90469690
80.400004	488.49099532
80.500004	1305.30856468
80.600004	2518.89048654
80.700004	380.58570119
80.800004	1665.20052277
80.900004	746.10023122
81.000004	-103.79811509
81.100004	396.81975371
81.200004	-169.15335278
81.300004	-426.81886833
81.400004	661.23609832
81.500004	-303.19473235
81.600004	-825.84771565
81.700004	-10.69041022
81.800004	-1450.79507910
81.900004	-483.71464355
82.000004	652.08927289
82.100004	548.99929587
82.200004	-396.44461402
82.300004	-36.31804949
82.400004	552.40713584
82.500004	1343.47200244
82.600004	868.73243056
82.700004	-659.98567169
82.800004	774.18727440
82.900004	1077.36198763
83.000004	1375.75857802
83.100004	541.14773310
83.200004	-803.03464736
83.300004	-814.57107398
83.400004	697.59032985
83.500004	271.87786703
83.600004	148.40941528
83.700004	-236.40341974
83.800004	588.98991028
83.900004	686.64821913
84.000004	539.37080579
84.100004	-997.54078616
84.200004	-1230.93243585
84.300004	-1825.32532176
84.400004	361.12588100
84.500004	1.94090834
84.600004	-408.97077570
84.700004	-585.17880984
84.800004	-218.65281782
84.900004	-747.44212482
85.000004	959.66873734
85.100004	933.31625770
85.200004	-746.45310677
85.300004	919.47562691
85.400004	235.80900125
85.500004	-235.02052784
85.600004	-350.51194838
85.700004	-297.65903293
85.800004	696.43223768
85.900004	-333.60147344
86.000004	-1122.54977058
86.100004	269.75323860
86.200004	149.03950662
86.300004	-312.14821515
86.400004	1137.59759396
86.500004	106.27179636
86.600004	438.53848443
86.700004	661.50081469
86.800004	-574.58633872
86.900004	1171.21395866
87.000004	557.69440364
87.100004	-183.72026622
87.200004	-553.10654572
87.300004	-1666.55017290
87.400004	864.40450764
87.500004	2215.26194928
87.600004	-472.04448989
87.700004	-1775.64935144
87.800004	999.31248508
87.900004	1042.59213591
88.000004	-695.70223873
88.100004	-67.33298786
88.200004	-738.17216811
88.300004	-208.04975317
88.400004	-235.25355937
88.500004	-517.86762805
88.600004	-283.77229917
88.700004	-792.67812607
88.800004	1431.12648291
88.900004	-1972.51353476
89.000004	514.21475176
89.100004	875.41387032
89.200004	-133.00989177
89.300004	-1058.48664760
89.400004	971.42404493
89.500004	1451.88204358
89.600004	62.64051179
89.700004	-344.96421752
89.800004	526.63647548
89.900004	-961.94690192
90.000004	-79.00698393
90.100004	20.65497859
90.200004	261.45199376
90.300004	1546.70930259
90.400004	1457.50470757
90.500004	1251.89051200
90.600004	618.54274595
90.700004	-1252.14500543
90.800004	-1412.07908814
90.900004	405.69367346
91.000004	-246.87976183
91.100004	1017.29929552
91.200004	16.53842570
91.300004	61.18966515
91.400004	52.47360872
91.500004	-272.73925219
91.600004	-777.66041699
91.700004	-211.06821364
91.800004	-237.01515314
91.900004	-1727.93605121
92.000004	309.63261455
92.100004	-490.56474612
92.200004	1715.57524588
92.300004	302.92046571
92.400004	1082.99507024
92.500004	-1099.04945160
92.600004	-695.55548812
92.700004	-1558.76994960
92.800004	230.50082090
92.900004	753.47485894
93.000004	375.70942706
93.100004	-484.10727282
93.200004	-11.22653954
93.300004	-546.88938753
93.400004	1003.96436787
93.500004	475.01705234
93.600004	893.68356158
93.700004	30.22381320
93.800004	754.55804387
93.900004	819.38432252
94.000004	-1108.03839469
94.100004	-818.82126249
94.200004	1344.89477507
94.300004	-1005.61386682
94.400004	417.07010262
94.500004	-515.36798496
94.600004	-749.91800356
94.700004	-1607.57972460
94.800005	-107.79357136
94.900005	204.71205955
95.000005	557.11396251
95.100005	967.29110873
95.200005	-813.49770827
95.300005	73.79225163
95.400005	-477.50112503
95.500005	499.84281845
95.600005	-705.26356415
95.700005	-507.56740495
95.800005	-1207.92160188
95.900005	-1237.31908174
96.000005	-337.05815968
96.100005	560.11355759
96.200005	1424.64819275
96.300005	605.76806520
96.400005	-348.73271818
96.500005	86.70040963
96.600005	399.88470946
96.700005	-1001.59638515
96.800005	-1184.11143996
96.900005	-262.18268372
97.000005	-101.76300717
97.100005	698.83638007
97.200005	-894.51788647
97.300005	-514.85081598
97.400005	1249.61595464
97.500005	-479.76035810
97.600005	-33.75045381
97.700005	-325.26346910
97.800005	1072.24656524
97.900005	1464.16440020
98.000005	771.56815856
98.100005	-568.63721953
98.200005	935.48965740
98.300005	1182.47449950
98.400005	-1010.02863649
98.500005	309.64026909
98.600005	117.54999040
98.700005	293.04053500
98.800005	-669.84205361
98.900005	469.36193420
99.000005	-361.67055527
99.100005	309.79298526
99.200005	-86.15339605
99.300005	-977.82820519
99.400005	-210.49126641
99.500005	-365.92816814
99.600005	597.62256342
99.700005	-867.72330857
99.800005	-64.66708524
99.900005	1128.80656771
100.000005	1133.91928356
100.100005	871.04989512
100.200005	-299.77821773
100.300005	-1545.89633870
100.400005	-2376.28362321
100.500005	85.83214576
100.600005	-722.09079979
100.700005	-205.76229419
100.800005	-164.00054559
100.900005	797.41756903
101.000005	1267.36318945
101.100005	285.25701515
101.200005	287.72020853
101.300005	351.10178104
101.400005	-905.93708284
101.500005	301.09288190
101.600005	-155.83266836
101.700005	133.56244133
101.800005	-458.25761409
101.900005	337.40670826
102.000005	381.46279791
102.100005	129.43787087
102.200005	326.24191470
102.300005	256.30640926
102.400005	-26.98832306
102.500005	-263.17553581
102.600005	-319.34241414
102.700005	88.17743842
102.800005	-194.52523533
102.900005	-1018.03138724
103.000005	-376.36018105
103.100005	1079.84960326
103.200005	223.16726452
103.300005	-472.84649850
103.400005	680.62427529
103.500005	-585.95211515
103.600005	-244.58049070
103.700005	369.09627276
103.800005	791.88615960
103.900005	-1267.32380039
104.000005	908.71021075
104.100005	-818.63036477
104.200005	-499.26548524
104.300005	2077.07100356
104.400005	-1582.32217684
104.500005	-220.76101725
104.600005	-22.11931234
104.700005	535.93605554
104.800005	269.02352060
104.900005	637.60070963
105.000005	717.57313221
105.100005	1049.67242270
105.200005	506.11984994
105.300005	1012.20236023
105.400005	-1191.42142749
105.500005	1981.00451151
105.600005	-759.96867786
105.700005	-794.74251237
105.800005	-257.82940067
105.900005	-1750.33876288
106.000005	-690.09897330
106.100005	578.98406470
106.200005	1046.94744784
106.300005	1066.04432411
106.400005	-438.02496330
106.500005	-700.41393360
106.600005	-391.14406576
106.700005	-252.13082207
106.800005	-556.17561708
106.900005	-167.10066208
107.000005	406.15657250
107.100005	660.21378944
107.200005	-213.48128047
107.300005	-1180.04349328
107.400005	-186.30280514
107.500005	-391.78468763
107.600005	-427.62110463
107.700005	-422.75542050
107.800005	45.85190475
107.900005	520.56007705
108.000005	1307.97073061
108.100005	247.79307599
108.200005	555.65430405
108.300005	-522.79150272
108.400005	660.41706843
108.500005	-627.70480263
108.600005	-1607.98758163
108.700005	1107.38417387
108.800005	-646.18168890
108.900005	-472.36425497
109.000005	-41.78510283
109.100005	60.86064414
109.200005	622.22350086
109.300005	-610.90508547
109.400005	519.49762412
109.500005	-841.86676822
109.600005	-1014.48832404
109.700005	140.25795642
109.800005	-1106.70951414
109.900005	3.49894267
110.000005	1758.13864668
110.100005	157.54307958
110.200005	2103.65556865
110.300005	-467.05721808
110.400005	-495.45777387
110.500005	-1135.90564725
110.600005	-182.44479791
110.700005	-16.01309931
110.800005	874.39526285
110.900005	630.06265845
111.000005	255.68823277
111.100005	8.10364269
111.200005	546.42272551
111.300005	114.59067543
111.400005	361.58752438
111.500005	842.49237873
111.600005	-315.58933334
111.700005	668.43213677
111.800005	1062.07180549
111.900005	1084.82168204
112.000005	1060.51286889
112.100005	715.79785790
112.200005	790.06399833
112.300005	596.53671993
112.400005	-802.77792471
112.500005	276.65426902
112.600005	1147.49991449
112.700005	941.93875312
112.800005	240.06824704
112.900005	-333.06760509
113.000005	-1118.39491870
113.100005	433.54805748
113.200005	-601.55134364
113.300005	-583.10116347
113.400005	317.68400090
113.500005	573.81586805
113.600005	14.22348119
113.700005	-302.17319994
113.800005	-1238.74067774
113.900005	-1004.92834225
114.000005	-462.25320171
114.100005	-253.60762781
114.200005	592.34400120
114.300005	-283.64606215
114.400005	737.03865663
114.500005	696.08127899
114.600005	293.24760127
114.700005	-330.95323346
114.800005	-113.67348014
114.900005	-680.79321314
115.000005	-211.80045792
115.100005	-942.49405480
115.200005	440.69267104
115.300005	515.12449356
115.400005	859.06471257
115.500005	-753.15312601
115.600005	-183.52061188
115.700005	-425.64465432
115.800006	-689.01271748
115.900006	990.96353052
116.000006	-1707.12434214
116.100006	1271.35616679
116.200006	-618.76883139
116.300006	499.56135484
116.400006	-228.58279481
116.500006	-210.13451019
116.600006	-178.63859482
116.700006	-699.82443279
116.800006	-1298.52279837
116.900006	466.18727778
117.000006	-459.59842805
117.100006	177.54863046
117.200006	-31.16254673
117.300006	-1143.46275993
117.400006	194.40958914
117.500006	-99.32240418
117.600006	340.71888829
117.700006	161.69225602
117.800006	261.80343202
117.900006	1058.97649091
118.000006	-1261.57691492
118.100006	-214.96001589
118.200006	787.04394936
118.300006	-1355.05704436
118.400006	100.68101276
118.500006	457.68407782
118.600006	490.67268785
118.700006	-298.72758022
118.800006	-1034.98319508
118.900006	1481.65832829
119.000006	-447.50596973
119.100006	-628.85810365
119.200006	-1826.17778468
119.300006	-528.59004485
119.400006	1545.44640932
119.500006	733.73533482
119.600006	378.83968750
119.700006	24.23451318
119.800006	-1050.23904671
119.900006	-817.89637513
120.000006	-1585.07181830
120.100006	-193.28158405
120.200006	-1346.45703327
120.300006	126.38588182
120.400006	-930.22525743
120.500006	90.04597850
120.600006	-536.44509157
120.700006	-1392.97971597
120.800006	-408.73734246
120.900006	-717.72862897
121.000006	1144.27797713
121.100006	803.35877427
121.200006	514.91907024
121.300006	-486.42041889
121.400006	469.41580048
121.500006	752.46454943
121.600006	-1013.49833887
121.700006	305.70225797
121.800006	114.35316856
121.900006	349.91357577
122.000006	-244.55636273
122.100006	1204.24994814
122.200006	615.82502182
122.300006	-433.57573477
122.400006	-5.33162219
122.500006	121.48097847
122.600006	-533.72403662
122.700006	1059.32679653
122.800006	774.34254900
122.900006	1507.98177891
123.000006	-40.61476722
123.100006	1387.87796289
123.200006	1458.94684412
123.300006	-38.46665296
123.400006	278.66878456
123.500006	-367.57953892
123.600006	1223.84878964
123.700006	-388.91898250
123.800006	-1559.51605752
123.900006	1491.58161433
124.000006	16.91645689
124.100006	320.31256723
124.200006	176.49661094
124.300006	445.91274310
124.400006	616.39844153
124.500006	-809.45003556
124.600006	815.61672126
124.700006	-216.96531615
124.800006	103.24180752
124.900006	61.80367065
125.000006	-959.80620986
125.100006	-2013.65016900
125.200006	-12.29644797
125.300006	-924.50417107
125.400006	1159.94965169
125.500006	-854.93918326
125.600006	80.72717650
125.700006	-292.53664333
125.800006	-983.20632540
125.900006	-1157.98979205
126.000006	40.30162120
126.100006	-164.61065181
126.200006	-1099.72557504
126.300006	871.61713459
126.400006	-401.54086274
126.500006	21.29266543
126.600006	-1207.30813753
126.700006	28.66939297
126.800006	-141.73926048
126.900006	664.71950632
127.000006	-941.13263095
127.100006	-362.98089353
127.200006	639.36814447
127.300006	685.93486090
127.400006	650.87060090
127.500006	411.44037941
127.600006	117.58004971
127.700006	-825.98716311
127.800006	-558.85805570
127.900006	-543.24401326
128.000006	-507.04958777
128.100006	-761.96057591
128.200006	713.65915900
128.300006	594.58595523
128.400006	143.59615688
128.500006	-157.89887067
128.600006	-1149.50924105
128.700006	-788.06874843
128.800006	-883.79358803
128.900006	-211.05682323
129.000006	887.45327744
129.100006	989.83632517
129.200006	-1783.32316152
129.300006	-529.40022307
129.400006	946.27537325
129.500006	-604.27074131
129.600006	-851.86023907
129.700006	772.43879139
129.800006	-295.15595198
129.900006	1257.46675664
130.000006	-392.07468977
130.100006	1047.12900916
130.200006	402.34374492
130.300006	-445.28821923
130.400006	578.02507238
130.500006	168.80414840
130.600006	-1111.83587088
130.700006	365.93557291
130.800006	-546.08439810
130.900006	934.74208118
131.000006	955.25069888
131.100006	-1182.27204471
131.200006	-107.55951117
131.300006	-1292.48173294
131.400006	-1064.18338042
131.500006	-545.59854123
131.600006	117.70920092
131.700006	596.65602845
131.800006	53.50020138
131.900006	-2205.62041988
132.000006	-1570.27119045
132.100006	399.69071533
132.200006	1676.34203519
132.300006	564.79697273
132.400006	-222.93938524
132.500006	-1477.85020768
132.600006	511.28187416
132.700006	-587.82745449
132.800006	-871.70699386
132.900006	802.26833939
133.000006	-1343.80572985
133.100006	1079.79582770
133.200006	-2119.07018390
133.300006	-1203.08245734
133.400006	-1644.01165959
133.500006	-433.61358034
133.600006	-413.15958803
133.700006	-813.26798368
133.800006	1796.29764026
133.900006	-1196.31393980
134.000006	-1188.56104187
134.100006	-1190.45852468
134.200006	-1036.78245533
134.300006	-752.20092942
134.400006	-259.43381170
134.500006	-539.74872013
134.600006	57.89392873
134.700006	-54.64550956
134.800006	-864.71201962
134.900006	364.56526762
135.000006	239.31667409
135.100006	1515.14628004
135.200006	-444.91231502
135.300006	-278.80980415
135.400006	-910.90256062
135.500006	-192.13882254
135.600006	1834.45863428
135.700006	394.61824707
135.800006	626.55151740
135.900006	-167.58220589
136.000006	-1258.31073802
136.100006	878.38937125
136.200006	-450.31789023
136.300006	-132.62555997
136.400006	1515.69373788
136.500006	746.22400535
136.600006	-1457.35780823
136.700006	-1021.40312694
136.800006	-566.41333566
136.900007	-2788.21750239
137.000007	-493.78238869
137.100007	1508.86756112
137.200007	-569.33852378
137.300007	-250.51244399
137.400007	-576.08873783
137.500007	-743.76761466
137.600007	-705.42891951
137.700007	-531.54110181
137.800007	-1348.47356284
137.900007	1372.34747489
138.000007	881.20498928
138.100007	-25.37392467
138.200007	1787.33068230
138.300007	892.34910272
138.400007	131.94147853
138.500007	-1291.34289230
138.600007	-846.03151313
138.700007	-154.59477008
138.800007	-1715.89145766
138.900007	-324.77829288
139.000007	-794.45121666
139.100007	-1215.66206555
139.200007	107.20768419
139.300007	-106.96892981
139.400007	-1242.22864818
139.500007	-1302.56290878
139.600007	-457.14596844
139.700007	-1102.64132557
139.800007	-243.87435457
139.900007	917.86414369
140.000007	-197.37432490
140.100007	-186.60821813
140.200007	738.05777810
140.300007	756.47985991
140.400007	59.05787549
140.500007	929.62934346
140.600007	-1833.92230852
140.700007	-881.48730496
140.800007	498.32796948
140.900007	-205.03352158
141.000007	-614.18585834
141.100007	-1608.13239334
141.200007	-693.05656399
141.300007	-418.72645639
141.400007	-241.48132425
141.500007	-839.48682121
141.600007	-1642.42505173
141.700007	911.29308005
141.800007	1552.57334047
141.900007	1503.25721584
142.000007	1194.97477615
142.100007	-1308.28401674
142.200007	-773.34636064
142.300007	1247.11287316
142.400007	1181.19376247
142.500007	461.11370507
142.600007	-301.60091555
142.700007	1015.11808502
142.800007	507.78669822
142.900007	-87.20780367
143.000007	546.13967632
143.100007	557.57532008
143.200007	61.78885362
143.300007	1320.74471125
143.400007	370.83717081
143.500007	-1148.39025882
143.600007	777.11166609
143.700007	262.71697114
143.800007	660.17937123
143.900007	-218.56883133
144.000007	-584.96002365
144.100007	-668.71958431
144.200007	653.77048102
144.300007	-801.34352700
144.400007	-117.58769955
144.500007	1414.05986482
144.600007	589.60224393
144.700007	-1654.94654639
144.800007	208.40403556
144.900007	-276.30557910
145.000007	405.15212867
145.100007	662.15535382
145.200007	821.21948614
145.300007	912.81072257
145.400007	298.01487440
145.500007	1311.61228878
145.600007	1149.59213764
145.700007	-84.15677736
145.800007	402.05529043
145.900007	-41.86273755
146.000007	-373.60407954
146.100007	-971.20760424
146.200007	-341.19799502
146.300007	-1899.07431622
146.400007	-255.50730538
146.500007	618.16181068
146.600007	-1171.29599453
146.700007	38.92596391
146.800007	-409.21936752
146.900007	-388.45693313
147.000007	215.67015860
147.100007	-1979.20420338
147.200007	-845.81037067
147.300007	302.37891501
147.400007	-243.18728174
147.500007	-732.73740262
147.600007	-683.70388591
147.700007	-923.67546056
147.800007	69.70649619
147.900007	208.88126322
148.000007	-1259.41573257
148.100007	26.43451402
148.200007	571.49180800
148.300007	-442.90519696
148.400007	992.53489088
148.500007	1416.30199669
148.600007	-178.71077426
148.700007	-161.99693677
148.800007	15.98665345
148.900007	44.90130502
149.000007	709.81688569
149.100007	1081.30694066
149.200007	-483.57754245
149.300007	1043.91800070
149.400007	-1022.21362232
149.500007	-441.05379588
149.600007	-911.14482161
149.700007	-301.41926439
149.800007	-97.58117047
149.900007	827.42325745
150.000007	1175.03784798
150.100007	-409.37931278
150.200007	816.67207423
150.300007	-762.46689398
150.400007	-93.93714186
150.500007	219.93691381
150.600007	734.79996415
150.700007	-574.18166173
150.800007	-397.61918058
150.900007	233.63271322
151.000007	-979.40627099
151.100007	1623.19712172
151.200007	1330.48890191
151.300007	-843.47174467
151.400007	171.67256752
151.500007	986.87429065
151.600007	-1666.76979567
151.700007	-6.71553495
151.800007	1592.15496278
151.900007	800.14928729
152.000007	-648.76500955
152.100007	-893.77882400
152.200007	853.46235560
152.300007	-2356.25540795
152.400007	-1166.82257212
152.500007	417.22266136
152.600007	-290.55452637
152.700007	-128.16252389
152.800007	617.65600224
152.900007	-291.61139836
153.000007	-1811.74532529
153.100007	599.83884986
153.200007	143.29163910
153.300007	1672.46686897
153.400007	507.13590617
153.500007	167.78977293
153.600007	-797.38312269
153.700007	-755.93031814
153.800007	-581.96246429
153.900007	558.56652228
154.000007	27.20210166
154.100007	51.43489734
154.200007	-927.86407133
154.300007	-575.83112262
154.400007	815.82026841
154.500007	-57.02004879
154.600007	-1399.68836955
154.700007	978.14267958
154.800007	493.74024697
154.900007	-734.80926395
155.000007	-1327.14491223
155.100007	-1146.99765019
155.200007	781.51944523
155.300007	-534.17954356
155.400007	-266.88285163
155.500007	-81.74649283
155.600007	-79.50358042
155.700007	977.45528834
155.800007	-1485.15374975
155.900007	-773.31843295
156.000007	-104.48338166
156.100007	70.02760058
156.200007	362.51787120
156.300007	12.58365658
156.400007	-607.78079587
156.500007	-52.79844604
156.600007	363.17837440
156.700007	76.48158934
156.800007	2.02768669
156.900007	622.34786040
157.000007	139.47482398
157.100007	-772.67756072
157.200007	-677.41110573
157.300007	252.02356763
157.400007	112.45264018
157.500007	-1287.71904471
157.600007	-489.68482055
157.700007	84.11309780
157.800007	-1669.02701423
157.900007	-221.21560014
158.000008	-579.95362345
158.100008	302.66650110
158.200008	-116.35842890
158.300008	914.97845733
158.400008	-548.85096336
158.500008	-1131.02811065
158.600008	-1158.31910354
158.700008	-138.49913828
158.800008	424.68260607
158.900008	242.18982345
159.000008	1567.73580267
159.100008	1027.58811775
159.200008	-445.59274131
159.300008	73.15032311
159.400008	2145.21930282
159.500008	486.90068537
159.600008	-89.53100219
159.700008	606.15701488
159.800008	-1314.71187452
159.900008	-611.22371459
160.000008	-603.73753017
160.100008	17.30718994
160.200008	505.61737269
160.300008	-975.11340957
160.400008	1551.46384957
160.500008	308.81111365
160.600008	-964.64317870
160.700008	-702.61749725
160.800008	-257.53529488
160.900008	41.58257006
161.000008	1856.92151905
161.100008	400.63555565
161.200008	339.82569142
161.300008	225.25378967
161.400008	-277.47413169
161.500008	521.66103619
161.600008	478.23892646
161.700008	-434.84464387
161.800008	123.49610405
161.900008	-336.91185128
162.000008	-1013.11509169
162.100008	1444.73178593
162.200008	533.47677752
162.300008	-99.41789648
162.400008	98.46335306
162.500008	-507.62118817
162.600008	579.83387346
162.700008	-793.95588576
162.800008	734.74273132
162.900008	-499.40145643
163.000008	33.12326131
163.100008	539.65109994
163.200008	762.60257269
163.300008	-877.06052254
163.400008	329.92258340
163.500008	-1296.46346713
163.600008	-1159.25008762
163.700008	649.31541273
163.800008	674.64233569
163.900008	-1008.37538165
164.000008	-664.83457582
164.100008	665.92560499
164.200008	-481.54838419
164.300008	1000.19242095
164.400008	1912.62837326
164.500008	-966.47607612
164.600008	-566.38445122
164.700008	1357.57136974
164.800008	2042.74706699
164.900008	292.98603030
165.000008	-234.47801145
165.100008	628.46409651
165.200008	64.41108915
165.300008	470.19744430
165.400008	407.86952019
165.500008	1349.58772782
165.600008	878.59308610
165.700008	-285.82112191
165.800008	-1302.80895338
165.900008	-94.88120908
166.000008	85.50359411
166.100008	-35.45643180
166.200008	249.88152171
166.300008	-26.24123040
166.400008	1197.11192089
166.500008	11.52988053
166.600008	714.62101718
166.700008	-954.50136953
166.800008	602.09735812
166.900008	1126.61894922
167.000008	-10.44956979
167.100008	-419.67732768
167.200008	-370.47109029
167.300008	-885.20866615
167.400008	442.22373076
167.500008	1712.79344169
167.600008	-48.26233596
167.700008	-1054.17464537
167.800008	-282.90395709
167.900008	517.12203469
168.000008	-842.06975967
168.100008	667.25658356
168.200008	567.41242530
168.300008	-536.96410122
168.400008	-682.72865420
168.500008	-941.35240814
168.600008	615.79414486
168.700008	424.00157635
168.800008	499.75089256
168.900008	207.50194784
169.000008	405.45332540
169.100008	-829.51128726
169.200008	161.59092220
169.300008	-401.82927833
169.400008	-51.65801695
169.500008	-437.02236184
169.600008	383.65194394
169.700008	679.58439657
169.800008	-1762.95788891
169.900008	-310.58695171
170.000008	63.16882467
170.100008	955.23048183
170.200008	-825.68697517
170.300008	264.97470606
170.400008	1672.58600185
170.500008	1565.35433047
170.600008	1629.97510813
170.700008	390.10987551
170.800008	-999.50297093
170.900008	-313.35055931
171.000008	804.75319996
171.100008	158.24047196
171.200008	-757.16659413
171.300008	655.20661565
171.400008	277.28848313
171.500008	-1316.42226686
171.600008	259.28896671
171.700008	-104.40926274
171.800008	183.87179461
171.900008	-1282.42262410
172.000008	1074.29833027
172.100008	1625.52090910
172.200008	-108.62753350
172.300008	180.61708555
172.400008	1766.87640770
172.500008	498.79260144
172.600008	-798.90886616
172.700008	-215.22212822
172.800008	956.62985511
172.900008	-60.56669444
173.000008	529.83167380
173.100008	-570.27275465
173.200008	26.35497474
173.300008	-193.35206316
173.400008	419.37751791
173.500008	-612.73611716
173.600008	-441.11774475
173.700008	-276.71843438
173.800008	-565.37610440
173.900008	902.82055008
174.000008	417.65964055
174.100008	-859.12042651
174.200008	-1447.48139535
174.300008	-512.37086004
174.400008	1489.63171944
174.500008	-1398.68416118
174.600008	-1767.80913887
174.700008	115.67043207
174.800008	896.92429178
174.900008	130.19525129
175.000008	-907.21349076
175.100008	264.44840845
175.200008	875.95617688
175.300008	509.09948992
175.400008	54.32745241
175.500008	549.72893230
175.600008	-684.27381155
175.700008	-274.83216623
175.800008	-351.21757938
175.900008	-100.60202199
176.000008	-29.83718880
176.100008	-302.50827757
176.200008	822.98868134
176.300008	-438.99186341
176.400008	302.05378664
176.500008	281.74505414
176.600008	-730.67509550
176.700008	-937.96829925
176.800008	-52.91453423
176.900008	-190.31876493
177.000008	758.27112534
177.100008	2479.43342310
177.200008	-827.88990444
177.300008	-226.91513779
177.400008	-1851.60557717
177.500008	-393.22512210
177.600008	2250.30635489
177.700008	1109.12700740
177.800008	918.72671544
177.900008	-484.77165777
178.000008	288.02735482
178.100008	778.65253001
178.200008	-882.18823222
178.300008	-381.09499866
178.400008	960.94642011
178.500008	-1380.04153695
178.600008	77.82822133
178.700008	974.32693893
178.800008	698.66601476
178.900008	1135.43609759
179.000009	1182.93307635
179.100009	1257.43290856
179.200009	-202.93066129
179.300009	286.52244954
179.400009	750.10492882
179.500009	664.86405551
179.600009	-597.56494540
179.700009	-1194.07764366
179.800009	661.63801155
179.900009	25.24313906
180.000009	27.09233628
180.100009	1100.94991633
180.200009	293.24324337
180.300009	499.83996597
180.400009	455.20188265
180.500009	526.91320596
180.600009	376.37968340
180.700009	-116.47259997
180.800009	-1610.72314546
180.900009	326.41686697
181.000009	-909.48023130
181.100009	373.23851971
181.200009	-185.44663426
181.300009	129.68148698
181.400009	-2109.27955817
181.500009	215.40970690
181.600009	-811.22220057
181.700009	-922.16471336
181.800009	-338.98553637
181.900009	-75.52548213
182.000009	375.25260079
182.100009	324.99220678
182.200009	181.05986203
182.300009	854.01811550
182.400009	-423.02815621
182.500009	-249.75467332
182.600009	-896.29906243
182.700009	1003.17361443
182.800009	1056.62181913
182.900009	621.93597163
183.000009	1326.74630553
183.100009	-80.99769936
183.200009	-639.75883497
183.300009	-549.04331465
183.400009	-749.92990332
183.500009	-1048.51490778
183.600009	-576.96431916
183.700009	-151.86216874
183.800009	1159.00069792
183.900009	-401.37304871
184.000009	-340.83012156
184.100009	-58.33715074
184.200009	-1011.22598738
184.300009	-1026.01948197
184.400009	-1596.28713670
184.500009	1459.85529538
184.600009	4.90197955
184.700009	-755.96135885
184.800009	-518.78881034
184.900009	-655.02100200
185.000009	-840.20846017
185.100009	290.80323996
185.200009	-722.74174292
185.300009	-491.35244234
185.400009	38.29085978
185.500009	129.32392536
185.600009	-715.58518591
185.700009	326.36352049
185.800009	1907.15597422
185.900009	-273.39759308
186.000009	24.44679448
186.100009	875.90230525
186.200009	190.22720426
186.300009	-271.63283006
186.400009	1139.85731253
186.500009	-2002.08557248
186.600009	-1617.50744571
186.700009	-1498.63588945
186.800009	-650.72657867
186.900009	591.75779018
187.000009	1113.44298093
187.100009	-33.10106620
187.200009	-591.19838409
187.300009	-431.79899794
187.400009	804.86968530
187.500009	-265.89233477
187.600009	93.91949114
187.700009	-189.98337330
187.800009	-272.54702956
187.900009	430.43241288
188.000009	-67.53414168
188.100009	150.25073340
188.200009	372.38878139
188.300009	735.04525486
188.400009	278.95725650
188.500009	-469.11585350
188.600009	495.71158355
188.700009	1434.08345514
188.800009	99.73876060
188.900009	711.98960471
189.000009	493.40804240
189.100009	-825.72470798
189.200009	-1522.61102630
189.300009	-240.20705401
189.400009	645.08307677
189.500009	825.53255799
189.600009	-593.97489134
189.700009	-112.54051613
189.800009	-873.53815249
189.900009	526.14590147
190.000009	-1813.80793400
190.100009	382.64780036
190.200009	707.66274986
190.300009	-50.10180001
190.400009	-696.31557812
190.500009	-801.14234276
190.600009	-305.84188579
190.700009	-826.20947393
190.800009	217.89411842
190.900009	-135.37316936
191.000009	-203.85212027
191.100009	53.24712128
191.200009	-14.78652321
191.300009	-489.11656841
191.400009	-13.44598287
191.500009	-92.77993417
191.600009	-793.15664750
191.700009	-1719.22206102
191.800009	-1211.38979078
191.900009	781.12033655
192.000009	-203.39332402
192.100009	135.59054543
192.200009	522.97924217
192.300009	17.66572782
192.400009	-470.10388636
192.500009	-1378.10852840
192.600009	-87.11573877
192.700009	-61.44046223
192.800009	-600.22425036
192.900009	-423.52218129
193.000009	-1229.18301870
193.100009	-777.57213642
193.200009	-443.92184003
193.300009	132.93490181
193.400009	-42.82067182
193.500009	-345.72535187
193.600009	-737.33083113
193.700009	-820.49799349
193.800009	-363.98880507
193.900009	-324.18229677
194.000009	436.26478026
194.100009	1745.47139777
194.200009	-205.57240408
194.300009	-1507.77451477
194.400009	250.25079394
194.500009	-608.17280902
194.600009	711.80782172
194.700009	916.43974042
194.800009	-108.87422092
194.900009	-1058.46297271
195.000009	270.09918017
195.100009	920.17214631
195.200009	1067.70821283
195.300009	650.95524595
195.400009	-1435.37927051
195.500009	-272.17628620
195.600009	-1074.18650307
195.700009	-1367.82133135
195.800009	24.44775893
195.900009	379.16461087
196.000009	604.20486519
196.100009	-87.52327794
196.200009	471.13790661
196.300009	-580.03669398
196.400009	-730.54185583
196.500009	-1344.70556449
196.600009	421.69724060
196.700009	-315.62986944
196.800009	-54.10014061
196.900009	762.02216811
197.000009	121.52375565
197.100009	-579.21532794
197.200009	-1223.92356328
197.300009	-1200.05639818
197.400009	-15.17582819
197.500009	500.27745590
197.600009	-17.12609465
197.700009	13.07385105
197.800009	1233.84313028
197.900009	-558.83317947
198.000009	212.66474395
198.100009	927.45512868
198.200009	1535.98191147
198.300009	927.84788514
198.400009	1164.75479449
198.500009	346.10827004
198.600009	2.48353171
198.700009	-801.69640658
198.800009	-601.28605299
198.900009	-33.68491722
199.000009	1039.64942234
199.100009	-33.39259516
199.200009	-1376.20243766
199.300009	337.37944183
199.400009	387.25488848
199.500009	918.63130042
199.600009	-1696.92482937
199.700009	-586.85971192
199.800009	978.55778944
199.900009	-323.13499641
200.000009	1183.80867230
200.100010	420.36984870
200.200010	-1317.99394413
200.300010	681.81806034
200.400010	14.51083207
200.500010	-265.79352481
200.600010	-1353.96263456
200.700010	407.34161372
200.800010	-255.41988900
200.900010	-614.71241742
201.000010	491.68390663
201.100010	1000.98198339
201.200010	174.13086865
201.300010	513.87562722
201.400010	273.15102181
201.500010	280.03393038
201.600010	-601.09731858
201.700010	348.26715628
201.800010	148.83289910
201.900010	514.75888040
202.000010	186.50927806
202.100010	-313.61606526
202.200010	886.03988720
202.300010	-3.88452288
202.400010	-330.35642721
202.500010	-380.67701739
202.600010	-345.37938972
202.700010	1856.96882775
202.800010	-816.43705050
202.900010	-395.39115040
203.000010	149.80109827
203.100010	824.67046730
203.200010	-416.86414488
203.300010	-1284.13287362
203.400010	746.80405089
203.500010	-790.07043114
203.600010	-243.67029824
203.700010	-716.97961529
203.800010	-632.50091901
203.900010	-397.07571558
204.000010	509.55840616
204.100010	223.73733986
204.200010	999.48567818
204.300010	336.26059519
204.400010	638.90161171
204.500010	982.14391317
204.600010	613.52166669
204.700010	335.23987474
204.800010	1385.69048417
204.900010	-335.42863599
205.000010	-374.56216815
205.100010	-116.72004499
205.200010	-970.90965074
205.300010	766.07855017
205.400010	732.68189656
205.500010	580.53969237
205.600010	-403.40573995
205.700010	-248.27134870
205.800010	-626.56530543
205.900010	-681.04497016
206.000010	123.86223924
206.100010	-6.79556834
206.200010	-538.21541211
206.300010	521.40939123
206.400010	95.41509828
206.500010	-1847.80048350
206.600010	80.20692192
206.700010	-357.59001063
206.800010	44.28991895
206.900010	-462.17766932
207.000010	1298.30816498
207.100010	541.21253326
207.200010	785.19374869
207.300010	-28.44327068
207.400010	1156.06531241
207.500010	477.11393831
207.600010	1316.44435764
207.700010	-1542.77377662
207.800010	482.36562855
207.900010	2555.27468491
208.000010	113.02183632
208.100010	311.62118944
208.200010	1081.54495751
208.300010	27.60751041
208.400010	718.02365165
208.500010	-863.91808508
208.600010	-115.62982810
208.700010	-161.89182188
208.800010	-1431.10685720
208.900010	-159.80159274
209.000010	600.78784549
209.100010	-1213.62736732
209.200010	-753.49169062
209.300010	1375.72163039
209.400010	984.51394450
209.500010	314.35405507
209.600010	1502.27325179
209.700010	444.09113843
209.800010	1075.13376834
209.900010	1339.47538471
210.000010	-585.73888641
210.100010	-1236.17840269
210.200010	764.81705473
210.300010	-1787.14327207
210.400010	-769.44174977
210.500010	632.86376095
210.600010	-975.59084119
210.700010	-1431.66951329
210.800010	-136.14809765
210.900010	1128.21863522
211.000010	533.48858580
211.100010	-716.78024322
211.200010	-133.74624883
211.300010	-873.38808417
211.400010	132.48435781
211.500010	-75.33803205
211.600010	-409.87398844
211.700010	1705.27924329
211.800010	290.31775352
211.900010	1485.54867849
212.000010	941.22548582
212.100010	-745.93155014
212.200010	1251.71359824
212.300010	1169.81816669
212.400010	-531.22664353
212.500010	749.53071305
212.600010	834.95622626
212.700010	93.37257977
212.800010	1273.45450436
212.900010	-2119.61033235
213.000010	-1622.70544250
213.100010	-359.30968743
213.200010	-722.18420263
213.300010	-330.68319522
213.400010	809.14360464
213.500010	91.98432051
213.600010	668.66425312
213.700010	-458.94474354
213.800010	0.24390777
213.900010	-13.85677985
214.000010	-89.89778235
214.100010	-530.81019928
214.200010	1245.92204529
214.300010	-263.16330899
214.400010	-220.07157487
214.500010	986.33361356
214.600010	238.22269170
214.700010	-805.54714029
214.800010	-880.86948669
214.900010	379.82322887
215.000010	-629.30448714
215.100010	563.04940625
215.200010	-20.35683076
215.300010	141.25472267
215.400010	1593.37119956
215.500010	1841.17747065
215.600010	94.55086305
215.700010	-246.25605494
215.800010	134.20682036
215.900010	-446.27182668
216.000010	-322.28123659
216.100010	405.95861856
216.200010	-1040.06785946
216.300010	-464.47273348
216.400010	-97.58530108
216.500010	-475.00583391
216.600010	60.28536877
216.700010	-483.89842556
216.800010	301.29902031
216.900010	-1352.84150222
217.000010	-959.95430930
217.100010	-420.24098187
217.200010	910.43455122
217.300010	-106.61710110
217.400010	44.98830873
217.500010	906.09720903
217.600010	1346.09361799
217.700010	815.17114699
217.800010	-439.86238464
217.900010	-364.23563615
218.000010	541.66086697
218.100010	849.77907549
218.200010	-821.15229954
218.300010	-1388.96154530
218.400010	-92.78673395
218.500010	-173.33132688
218.600010	1097.39034054
218.700010	127.17228395
218.800010	364.40772615
218.900010	-35.79763361
219.000010	-1363.47583461
219.100010	-392.03647019
219.200010	2571.19015123
219.300010	576.67825917
219.400010	1761.15283479
219.500010	719.42467579
219.600010	-267.28415477
219.700010	-1827.30288108
219.800010	671.16344332
219.900010	-669.46940520
220.000010	-250.07670190
220.100010	377.93660477
220.200010	535.39811182
220.300010	-487.58163058
220.400010	-1219.70157833
220.500010	-339.70326460
220.600010	-299.78022598
220.700010	-7.39303088
220.800010	297.78189927
220.900010	160.25115919
221.000010	205.58600373
221.100011	1467.84764232
221.200011	1555.40634845
221.300011	-2488.53155949
221.400011	1026.46261588
221.500011	-5.17845990
221.600011	284.90660739
221.700011	-1787.66659185
221.800011	806.36833519
221.900011	564.76787623
222.000011	-150.25628323
222.100011	-41.97034515
222.200011	-725.78859339
222.300011	-2044.40592927
222.400011	11.19563388
222.500011	547.33174456
222.600011	-67.44070706
222.700011	689.14745180
222.800011	-45.53090488
222.900011	-1584.55256528
223.000011	1774.12030205
223.100011	251.96296329
223.200011	-1240.82501325
223.300011	-1035.04355174
223.400011	444.56111163
223.500011	1068.10479277
223.600011	90.55255599
223.700011	-367.15380255
223.800011	1162.58067946
223.900011	-186.76135753
224.000011	-452.08164407
224.100011	-211.05442720
224.200011	-602.26345507
224.300011	-2141.34291092
224.400011	-773.16700150
224.500011	-21.44570342
224.600011	86.51790890
224.700011	360.52095178
224.800011	695.92788500
224.900011	-554.70605536
225.000011	-805.64330795
225.100011	4.45919984
225.200011	-804.48084385
225.300011	1404.90963519
225.400011	1123.69682154
225.500011	211.45338315
225.600011	-330.04056760
225.700011	-1091.10828914
225.800011	-506.45121622
225.900011	-1992.25717405
226.000011	-514.94193124
226.100011	-221.47605082
226.200011	-1879.89257991
226.300011	-1699.29884518
226.400011	-1663.23086941
226.500011	1350.11597124
226.600011	166.75394470
226.700011	763.21376447
226.800011	-1979.52143087
226.900011	-594.57474191
227.000011	54.15794494
227.100011	492.03130533
227.200011	-1487.31164474
227.300011	-200.39520183
227.400011	582.71533137
227.500011	1003.75337720
227.600011	759.27707792
227.700011	-261.62350473
227.800011	-945.28846606
227.900011	-1781.93584016
228.000011	42.93361132
228.100011	475.12232034
228.200011	810.45125317
228.300011	-675.80847182
228.400011	848.51961476
228.500011	212.82781438
228.600011	-97.76862596
228.700011	-123.27095337
228.800011	648.06750736
228.900011	1032.52977425
229.000011	1122.98114970
229.100011	-333.93845565
229.200011	960.62515258
229.300011	1594.67159329
229.400011	-194.17873410
229.500011	-586.06182974
229.600011	-253.14236036
229.700011	262.10541085
229.800011	347.81238988
229.900011	504.28067711
230.000011	-1935.61550300
230.100011	-1728.81591649
230.200011	792.98406757
230.300011	-473.79792098
230.400011	-1030.45469239
230.500011	-89.40437993
230.600011	577.52699843
230.700011	456.72272174
230.800011	888.42562532
230.900011	564.12206102
231.000011	154.93308009
231.100011	-1090.92277231
231.200011	3.50373598
231.300011	276.54866125
231.400011	1774.89277500
231.500011	606.67266369
231.600011	100.19574726
231.700011	-221.90781749
231.800011	253.58840829
231.900011	1405.63386948
232.000011	649.05922606
232.100011	24.96194440
232.200011	-505.02714108
232.300011	1219.52613234
232.400011	-1266.30939508
232.500011	-905.42149996
232.600011	352.16230499
232.700011	483.18293078
232.800011	6.10272881
232.900011	-7.79551282
233.000011	459.59533452
233.100011	1336.22786885
233.200011	-422.38938233
233.300011	585.22357167
233.400011	-594.32172086
233.500011	757.91475990
233.600011	-597.87851832
233.700011	-905.58245807
233.800011	183.39663897
233.900011	-174.86393172
234.000011	1144.07279735
234.100011	241.37323744
234.200011	-769.22841062
234.300011	972.33788149
234.400011	-859.58988974
234.500011	386.79207460
234.600011	544.56371100
234.700011	403.99758891
234.800011	-378.32674086
234.900011	134.18106817
235.000011	488.87741501
235.100011	-1209.82571187
235.200011	461.52477366
235.300011	587.86088403
235.400011	-355.98988005
235.500011	76.78749520
235.600011	-774.78684471
235.700011	-1123.79796703
235.800011	-286.87914601
235.900011	251.21885513
236.000011	796.15070556
236.100011	810.44882906
236.200011	415.12543963
236.300011	-133.36927767
236.400011	-207.20253759
236.500011	480.11135440
236.600011	638.19536873
236.700011	-641.72108857
236.800011	-1044.53475118
236.900011	-102.08531529
237.000011	-99.98001341
237.100011	1057.93439109
237.200011	191.47389959
237.300011	-478.48181512
237.400011	738.83637122
237.500011	-409.33115204
237.600011	-745.14249275
237.700011	1004.28069068
237.800011	-176.16621816
237.900011	409.32799363
238.000011	-193.67808962
238.100011	-333.30683319
238.200011	-8.44914059
238.300011	491.90970080
238.400011	1334.98956480
238.500011	-141.99589537
238.600011	300.30403107
238.700011	514.84047869
238.800011	-1007.85885286
238.900011	651.41585710
239.000011	-1227.67850704
239.100011	-407.80497492
239.200011	-517.31822646
239.300011	627.93272101
239.400011	383.52143050
239.500011	61.99598857
239.600011	227.26940730
239.700011	-264.34084767
239.800011	202.59628488
239.900011	1359.17639356
240.000011	-1737.90536291
240.100011	-858.69328424
240.200011	-437.74804389
240.300011	-87.85186563
240.400011	488.38631243
240.500011	-50.62711228
240.600011	524.31176168
240.700011	-916.90932279
240.800011	-220.17539482
240.900011	323.86736945
241.000011	737.26616761
241.100011	820.52049912
241.200011	25.65546749
241.300011	869.16374360
241.400011	-1633.27041564
241.500011	46.46115764
241.600011	1850.09668333
241.700011	95.83729939
241.800011	750.23763329
241.900011	776.13166548
242.000011	2449.06486563
242.100011	2871.16326040
242.200012	339.37843618
242.300012	368.77081992
242.400012	-8.67753220
242.500012	16.09569918
242.600012	32.61184730
242.700012	-1961.33682534
242.800012	252.87336934
242.900012	150.62503421
243.000012	967.91002618
243.100012	614.12105968
243.200012	-36.44675938
243.300012	759.10767531
243.400012	-269.94940033
243.500012	-48.64900364
243.600012	1119.93710314
243.700012	-1368.54138368
243.800012	-512.16367349
243.900012	-1096.96000004
244.000012	937.57113255
244.100012	-361.47933533
244.200012	-1188.45632721
244.300012	-823.30981980
244.400012	576.21171820
244.500012	-1076.56879703
244.600012	-78.67173560
244.700012	536.63581408
244.800012	366.85759440
244.900012	-155.90114743
245.000012	1493.98295923
245.100012	-404.74124836
245.200012	1052.02823230
245.300012	-582.76394510
245.400012	-1505.91794861
245.500012	-1226.18368945
245.600012	-1753.79252011
245.700012	-410.18350513
245.800012	-413.51172193
245.900012	-104.42355439
246.000012	196.11131479
246.100012	1190.80636991
246.200012	525.37623148
246.300012	-381.14018122
246.400012	307.78005681
246.500012	1174.65296662
246.600012	439.50683227
246.700012	-1116.23625033
246.800012	-1495.93643630
246.900012	-543.24108043
247.000012	-206.54689677
247.100012	315.23867304
247.200012	2256.73121728
247.300012	449.20471496
247.400012	502.60163751
247.500012	-1341.81101036
247.600012	312.44655887
247.700012	1693.60110447
247.800012	1217.15849677
247.900012	476.23000832
248.000012	559.59678966
248.100012	38.78998941
248.200012	235.52129775
248.300012	-865.43976141
248.400012	122.48792147
248.500012	-808.30685201
248.600012	1297.54176213
248.700012	367.50232965
248.800012	-1431.20678728
248.900012	-1433.78268445
249.000012	1200.91656215
249.100012	125.74493530
249.200012	1730.12860579
249.300012	-772.49264586
249.400012	-929.68037868
249.500012	-1261.68074670
249.600012	-375.00749549
249.700012	-581.42776391
249.800012	-1224.24703282
249.900012	-234.30076305
250.000012	-46.13741028
250.100012	-185.46463173
250.200012	-342.79536232
250.300012	530.36295738
250.400012	288.61345863
250.500012	1472.70048589
250.600012	1288.73508205
250.700012	-508.16369070
250.800012	598.31297805
250.900012	1182.16423949
251.000012	590.05058843
251.100012	1256.48312807
251.200012	470.94148963
251.300012	1551.33121905
251.400012	-948.02112284
251.500012	-1497.31964423
251.600012	553.69091568
251.700012	-89.18260998
251.800012	-1213.00380820
251.900012	899.80845955
252.000012	1130.47519968
252.100012	734.77296215
252.200012	53.37578301
252.300012	-1036.53719539
252.400012	-1145.63372132
252.500012	1944.57229652
252.600012	51.86653494
252.700012	-733.63454658
252.800012	-492.87477585
252.900012	-1228.28555604
253.000012	-599.89581384
253.100012	536.14549421
253.200012	-1193.10011030
253.300012	-53.54141323
253.400012	180.30381516
253.500012	-986.16757377
253.600012	889.49106988
253.700012	-600.48425251
253.800012	2003.98076762
253.900012	-592.39260731
254.000012	985.58930785
254.100012	103.29292112
254.200012	1029.14270290
254.300012	-1708.97439573
254.400012	15.61665161
254.500012	-310.67339552
254.600012	89.92643078
254.700012	877.74152638
254.800012	650.88603632
254.900012	-512.65447890
255.000012	140.21694195
255.100012	1093.00310100
255.200012	-473.20335570
255.300012	83.46397687
255.400012	-1181.81018775
255.500012	-1075.81778421
255.600012	-265.37017794
255.700012	-1927.25814144
255.800012	1039.56878988
255.900012	499.49138225
256.000012	624.27261015
256.100012	991.56199672
256.200012	-285.81699289
256.300012	541.72998105
256.400012	-907.59065514
256.500012	329.62653201
256.600012	111.42959073
256.700012	-100.27007609
256.800012	-1206.62650689
256.900012	-459.49155629
257.000012	-395.45549126
257.100012	728.74242839
257.200012	-762.76556708
257.300012	-203.66639735
257.400012	-183.52766191
257.500012	876.84559351
257.600012	-987.21218057
257.700012	900.22292335
257.800012	-599.64682752
257.900012	472.41318583
258.000012	991.57041942
258.100012	-1028.12600781
258.200012	664.34394832
258.300012	19.65121171
258.400012	-863.62611811
258.500012	-1217.59740130
258.600012	52.32569635
258.700012	868.20020161
258.800012	785.75556073
258.900012	721.35174293
259.000012	124.14391163
259.100012	1754.75257700
259.200012	1058.02567901
259.300012	-907.16471600
259.400012	-2489.96826751
259.500012	493.49219370
259.600012	455.31536120
259.700012	337.48274619
259.800012	1641.03325257
259.900012	-140.74835925
260.000012	-552.56813752
260.100012	617.70429828
260.200012	-1823.16024989
260.300012	-1044.23160095
260.400012	-864.71955564
260.500012	889.94586706
260.600012	306.12038375
260.700012	1406.25445838
260.800012	647.89586502
260.900012	734.05198931
261.000012	-531.22892258
261.100012	626.69698813
261.200012	-598.04302382
261.300012	-878.99029754
261.400012	1263.05533146
261.500012	519.52924162
261.600012	726.36982682
261.700012	-103.35842860
261.800012	567.91231901
261.900012	-1352.56402003
262.000012	-2459.37111058
262.100012	-579.10196855
262.200012	604.84686992
262.300012	678.10062588
262.400012	-137.95975872
262.500012	1666.49930625
262.600012	-158.52629791
262.700012	-1169.87282002
262.800012	106.07259216
262.900012	192.16769813
263.000012	511.97187416
263.100012	-98.13624796
263.200013	711.18186931
263.300013	-756.09283640
263.400013	-276.43778510
263.500013	1400.12838715
263.600013	600.63550199
263.700013	-421.42262560
263.800013	484.36177135
263.900013	-671.27673348
264.000013	192.36559437
264.100013	54.67050794
264.200013	19.10790697
264.300013	874.96778451
264.400013	858.73716080
264.500013	-3.65345670
264.600013	-152.75291757
264.700013	-193.66506613
264.800013	103.62989122
264.900013	-802.18840318
265.000013	-916.06889481
265.100013	44.49287948
265.200013	-525.99994747
265.300013	322.68555914
265.400013	-243.96167040
265.500013	-775.02842264
265.600013	547.13148126
265.700013	-432.82702174
265.800013	1392.89133223
265.900013	-428.41662660
266.000013	328.51830900
266.100013	-820.78995201
266.200013	-106.82549602
266.300013	-1642.15011995
266.400013	851.54731057
266.500013	-283.83501092
266.600013	724.23833163
266.700013	-683.42014518
266.800013	-171.47583867
266.900013	-1332.66577514
267.000013	1456.21990903
267.100013	-953.29488616
267.200013	-682.68384047
267.300013	427.36197977
267.400013	-16.60362785
267.500013	1181.90051872
267.600013	161.14855651
267.700013	-583.99793481
267.800013	771.63394244
267.900013	315.06955527
268.000013	305.66562254
268.100013	223.15351172
268.200013	832.76568742
268.300013	1385.97413577
268.400013	853.40690700
268.500013	-774.80160465
268.600013	-1033.60117477
268.700013	-2091.24062949
268.800013	-543.03237098
268.900013	-519.37411714
269.000013	-22.12271481
269.100013	-290.81722503
269.200013	187.78402628
269.300013	897.70311418
269.400013	851.12583886
269.500013	1621.01240834
269.600013	312.90155207
269.700013	-39.11559028
269.800013	-558.21632497
269.900013	-156.90553087
270.000013	-106.44924610
270.100013	2013.01614259
270.200013	-1101.22752317
270.300013	-534.42581322
270.400013	-602.25844743
270.500013	575.63067593
270.600013	341.66659118
270.700013	-492.58078115
270.800013	829.90517935
270.900013	2119.17223690
271.000013	2287.98996031
271.100013	-795.23746593
271.200013	-633.51233950
271.300013	103.96516611
271.400013	-240.00331796
271.500013	-163.91463278
271.600013	-159.33718122
271.700013	-167.49320849
271.800013	-440.90070771
271.900013	1378.01872257
272.000013	-116.83270334
272.100013	384.74758422
272.200013	-83.89028369
272.300013	894.50699396
272.400013	-20.19501074
272.500013	733.73091835
272.600013	83.05018633
272.700013	173.20703189
272.800013	770.12373343
272.900013	510.67759123
273.000013	-488.99193861
273.100013	370.30722824
273.200013	1297.24910217
273.300013	292.18165603
273.400013	-125.45244675
273.500013	-7.12778247
273.600013	269.94973768
273.700013	-375.54521648
273.800013	406.93374251
273.900013	218.89396293
274.000013	87.93337072
274.100013	896.54224810
274.200013	-692.97296450
274.300013	-518.26566322
274.400013	2082.76460824
274.500013	1402.72089199
274.600013	-1676.33220755
274.700013	-541.97763764
274.800013	-1159.67856863
274.900013	-1134.97724993
275.000013	-304.09658952
275.100013	-414.16583598
275.200013	-495.15732557
275.300013	2589.72465202
275.400013	838.43901311
275.500013	-1125.69271541
275.600013	-918.58707216
275.700013	-636.24827083
275.800013	665.19154600
275.900013	-1708.51337489
276.000013	-460.51011307
276.100013	1209.64638691
276.200013	419.16940330
276.300013	-17.93372450
276.400013	-13.13010613
276.500013	-668.93144815
276.600013	1300.74965388
276.700013	-186.99408271
276.800013	1433.77402585
276.900013	-358.03063928
277.000013	87.89825903
277.100013	-670.44096793
277.200013	236.53148271
277.300013	-1720.71535251
277.400013	-1904.05292059
277.500013	352.56356912
277.600013	1273.90265903
277.700013	-104.71520286
277.800013	1000.37206897
277.900013	19.08565981
278.000013	-1231.81118733
278.100013	-819.21603250
278.200013	-449.69469635
278.300013	746.02515493
278.400013	-483.24523870
278.500013	-714.20889460
278.600013	-474.75309251
278.700013	1869.73134525
278.800013	803.88229986
278.900013	114.79513366
279.000013	462.35371451
279.100013	-771.92100250
279.200013	-31.25620104
279.300013	632.19785064
279.400013	-646.41615839
279.500013	-548.64575503
279.600013	405.39530706
279.700013	-748.16508400
279.800013	486.20564591
279.900013	566.92364323
280.000013	904.13437114
280.100013	-776.68661644
280.200013	1062.65421466
280.300013	947.31664014
280.400013	-956.73988282
280.500013	474.20321774
280.600013	-399.50542421
280.700013	166.69603924
280.800013	-795.40092412
280.900013	-1177.20447146
281.000013	-742.31535792
281.100013	-132.52152515
281.200013	1089.44971808
281.300013	672.35080128
281.400013	-1335.28984198
281.500013	94.45324582
281.600013	-78.02190055
281.700013	-710.73432200
281.800013	97.57677470
281.900013	-85.28761776
282.000013	312.20177794
282.100013	532.04880063
282.200013	-1282.55400179
282.300013	-614.13425365
282.400013	1305.07234958
282.500013	-221.33973870
282.600013	656.00255958
282.700013	-592.56137761
282.800013	-746.50114765
282.900013	398.89128010
283.000013	-272.95582417
283.100013	294.33729607
283.200013	796.83935540
283.300013	-80.35156417
283.400013	776.96769151
283.500013	1730.31697007
283.600013	639.97303385
283.700013	260.80921379
283.800013	54.97971451
283.900013	-1004.24004529
284.000013	1677.28943385
284.100013	-53.24206493
284.200013	-648.37918376
284.300014	1239.85992691
284.400014	-693.77632426
284.500014	-1915.73973678
284.600014	945.37289038
284.700014	115.68643245
284.800014	-354.68799805
284.900014	915.57812777
285.000014	866.67113465
285.100014	927.76364933
285.200014	-605.68556918
285.300014	-199.73558596
285.400014	458.61232620
285.500014	456.99120367
285.600014	-699.10508987
285.700014	-17.11777358
285.800014	263.85595860
285.900014	-2495.49959503
286.000014	-821.53157162
286.100014	-110.70020480
286.200014	-665.13371872
286.300014	1128.28198485
286.400014	231.18571700
286.500014	74.80873117
286.600014	6.18025290
286.700014	336.06057368
286.800014	-376.12448504
286.900014	1025.66954691
287.000014	-194.03318515
287.100014	-636.92590718
287.200014	-500.77254031
287.300014	-524.09198840
287.400014	-1066.26691798
287.500014	1233.14307366
287.600014	-478.13864221
287.700014	-442.07306399
287.800014	2188.44699863
287.900014	813.52332017
288.000014	955.74945073
288.100014	-10.91944475
288.200014	1092.59945636
288.300014	-198.09956496
288.400014	725.90545404
288.500014	793.65752159
288.600014	168.82311486
288.700014	266.63479564
288.800014	-1393.32882083
288.900014	-256.34563158
289.000014	401.58696537
289.100014	-436.73611436
289.200014	200.90713896
289.300014	1233.91571216
