
Unit Cell Dimensions :
      a    =    7.3000
      b    =    4.9100
      c    =   44.5000
      alpha =   90.0000
      beta  =   90.0000
      gamma =  109.6517



Bonds inside unit cell
    1    5      1  1
    1    9      1  1
    1   37      1  1
    2    6      1  1
    2   10      1  1
    2   13      1  1
    2   18      1  1
    3    7      1  1
    3   11      1  1
    3   14      1  1
    3   19      1  1
    4   15      1  1
    4   20      1  1
    5   21      1  1
    8   24      1  1
   10   26      1  1
   11   27      1  1
   12   28      1  1
   13   25      1  1
   14   26      1  1
   15   27      1  1
   16   28      1  1
   17   21      1  1
   19   23      1  1
   20   24      1  1
   21   29      1  1
   21   33      1  1
   22   30      1  1
   22   34      1  1
   23   31      1  1
   23   35      1  1
   24   32      1  1
   24   36      1  1
   25   39      1  1
   26   29      1  1
   28   36      1  1


Bonds along XX
    4   12      1  2
    9   25      1  2
   22   18      1  2
   27   35      1  2

Bonds along YY
    1   17      1  3
    8    4      1  3
   23    7      1  3
   25   33      1  3
   30   27      1  3
   31   28      1  3

Bonds along XY
   22    6      1  4


Angles along XX
    1    9   25      1  1  2
   12    4   15      2  1  1
   12    4   20      2  1  1
    4   12   28      1  2  2
    9   25   13      1  2  2
    9   25   39      1  2  2
   11   27   35      1  1  2
   15   27   35      1  1  2
   18   22   30      2  1  1
   18   22   34      2  1  1
   22   18    2      1  2  2
   27   35   23      1  2  2

Angles along YY
   17    1    5      3  1  1
   17    1    9      3  1  1
   17    1   37      3  1  1
    1   17   21      1  3  3
    4    8   24      3  1  1
    8    4   15      1  3  3
    8    4   20      1  3  3
   13   25   33      1  1  3
   19   23    7      1  1  3
   22   30   27      1  1  3
   23   31   28      1  1  3
    7   23   31      3  1  1
    7   23   35      3  1  1
   23    7    3      1  3  3
   33   25   39      3  1  1
   25   33   21      1  3  3
   30   27   11      1  3  3
   30   27   15      1  3  3
   31   28   12      1  3  3
   31   28   16      1  3  3
   31   28   36      1  3  3

Angles along XY
    6   22   30      4  1  1
    6   22   34      4  1  1
   22    6    2      1  4  4

Angles along XX and YY

Angles along XX and XY
    9   25   33      1  2  4
    6   22   18      4  1  2

Angles along YY and XY
    8    4   12      1  3  4
   30   27   35      1  3  4

All angles are accounted for


Torsions along XX
   25    9    1    5      2  1  1  1
    1    9   25   13      1  1  2  2
    1    9   25   39      1  1  2  2
   37    1    9   25      1  1  1  2
    3   11   27   35      1  1  1  2
    4   15   27   35      1  1  1  2
   12    4   15   27      2  1  1  1
   28   12    4   15      2  2  1  1
   12    4   20   24      2  1  1  1
   28   12    4   20      2  2  1  1
    4   12   28   16      1  2  2  2
    4   12   28   36      1  2  2  2
    9   25   13    2      1  2  2  2
   11   27   35   23      1  1  2  2
   15   27   35   23      1  1  2  2
    2   18   22   30      2  2  1  1
   18   22   34   26      2  1  1  1
    2   18   22   34      2  2  1  1
   22   18    2    6      1  2  2  2
   22   18    2   10      1  2  2  2
   22   18    2   13      1  2  2  2
   27   35   23   19      1  2  2  2
   27   35   23   31      1  2  2  2

Torsions along YY
   17    1    5   21      3  1  1  1
   21   17    1    5      3  3  1  1
   21   17    1    9      3  3  1  1
   21   17    1   37      3  3  1  1
    1   17   21    5      1  3  3  3
    1   17   21   29      1  3  3  3
    1   17   21   33      1  3  3  3
    2   13   25   33      1  1  1  3
    3   19   23    7      1  1  1  3
    4    8   24   20      3  1  1  1
    4    8   24   32      3  1  1  1
    4    8   24   36      3  1  1  1
   15    4    8   24      3  3  1  1
   20    4    8   24      3  3  1  1
    8    4   15   27      1  3  3  3
    8    4   20   24      1  3  3  3
   13   25   33   21      1  1  3  3
   19   23   31   28      1  1  1  3
   19   23    7    3      1  1  3  3
   22   30   27   11      1  1  3  3
   22   30   27   15      1  1  3  3
   34   22   30   27      1  1  1  3
   23   31   28   12      1  1  3  3
   23   31   28   16      1  1  3  3
   23   31   28   36      1  1  3  3
   35   23   31   28      1  1  1  3
    7   23   31   28      3  1  1  3
    3    7   23   31      3  3  1  1
    3    7   23   35      3  3  1  1
   23    7    3   11      1  3  3  3
   23    7    3   14      1  3  3  3
   23    7    3   19      1  3  3  3
   21   33   25   39      3  3  1  1
   25   33   21    5      1  3  3  3
   25   33   21   17      1  3  3  3
   25   33   21   29      1  3  3  3
   30   27   11    3      1  3  3  3
   30   27   15    4      1  3  3  3
   31   28   36   24      1  3  3  3

Torsions along XY
    2    6   22   30      4  4  1  1
    6   22   34   26      4  1  1  1
    2    6   22   34      4  4  1  1
   22    6    2   10      1  4  4  4
   22    6    2   13      1  4  4  4
   22    6    2   18      1  4  4  4

Torsions along XX and YY
   17    1    9   25      3  1  1  2
   18   22   30   27      2  1  1  3

Torsions along XX and XY
    1    9   25   33      1  1  2  4
    9   25   33   21      1  2  4  4
    6   22   18    2      4  1  2  2
    2    6   22   18      4  4  1  2
   27   35   23    7      1  2  2  4

Torsions along YY and XY
   12    4    8   24      4  3  1  1
    8    4   12   28      1  3  4  4
   22   30   27   35      1  1  3  4
    6   22   30   27      4  1  1  3
   30   27   35   23      1  3  4  4

Torsions along XX and XY and XY


All torsions are accounted for
