# F(k,t) correlation function
# Reference time: 2000.142 ps
# lag_time_ps	F(k,t)
0.000000	443.74378399
0.100000	76.12057422
0.200000	-70.89116256
0.300000	-51.48756546
0.400000	17.13687024
0.500000	57.87955811
0.600000	-11.75581978
0.700000	-29.31132703
0.800000	-59.66823084
0.900000	-5.26850374
1.000000	18.59967791
1.100000	-62.81314041
1.200000	51.13435219
1.300000	44.26667572
1.400000	41.89044335
1.500000	-25.05274744
1.600000	25.41867012
1.700000	-17.38341864
1.800000	30.87521217
1.900000	-30.80500090
2.000000	4.74097006
2.100000	-36.46005816
2.200000	-50.32443273
2.300000	26.77919223
2.400000	-37.57983899
2.500000	-98.28936936
2.600000	-11.03587102
2.700000	27.45727349
2.800000	9.10562710
2.900000	-22.82513674
3.000000	-52.66069733
3.100000	-25.01845676
3.200000	-11.03080062
3.300000	-10.83765708
3.400000	-93.96650491
3.500000	-30.68907569
3.600000	11.11247382
3.700000	-22.96491056
3.800000	-48.09233564
3.900000	-19.64792916
4.000000	-61.88142966
4.100000	39.08099284
4.200000	18.26410756
4.300000	30.66126179
4.400000	40.74067164
4.500000	-15.10410889
4.600000	29.60972943
4.700000	-26.68475223
4.800000	-15.12007373
4.900000	-29.83726708
5.000000	-10.79442581
5.100000	-28.12745788
5.200000	66.79104077
5.300000	-14.00781295
5.400000	-33.89479699
5.500000	28.90713190
5.600000	53.38196731
5.700000	21.00207517
5.800000	26.63160038
5.900000	19.25358786
6.000000	-17.55836660
6.100000	23.06783900
6.200000	-106.56603051
6.300000	-26.11994419
6.400000	86.91980109
6.500000	81.34619511
6.600000	-46.29969864
6.700000	-12.18086052
6.800000	49.15884056
6.900000	29.42772665
7.000000	74.47141438
7.100000	-18.71947108
7.200000	47.04365473
7.300000	71.05119736
7.400000	29.69447140
7.500000	-33.20894704
7.600000	24.58342155
7.700000	91.24445078
7.800000	62.66550391
7.900000	59.78695100
8.000000	58.24820615
8.100000	24.50830927
8.200000	-36.75885511
8.300000	96.08548104
8.400000	2.37466622
8.500000	-146.12428743
8.600000	-30.77739719
8.700000	-45.24543768
8.800000	-15.56470521
8.900000	-80.25918595
9.000000	11.73742949
9.100000	-79.93767405
9.200000	-86.43640062
9.300000	-25.95520131
9.400000	95.49132361
9.500000	31.22255553
9.600000	0.66942347
9.700000	-32.44161219
9.800000	15.56397007
9.900000	16.12615692
10.000000	-101.93857284
10.100000	-1.36639962
10.200000	-13.15822608
10.300000	-17.70240660
10.400000	50.23863004
10.500000	-0.30885786
10.600001	4.99180550
10.700001	66.88835198
10.800001	-0.39233326
10.900001	48.98178478
11.000001	-47.22923566
11.100001	38.41066170
11.200001	20.34835226
11.300001	-1.12618528
11.400001	18.78534483
11.500001	-49.85433407
11.600001	-9.15505222
11.700001	-44.32368191
11.800001	10.80734203
11.900001	-2.93729160
12.000001	-62.36634283
12.100001	-3.28314887
12.200001	52.17477087
12.300001	-1.60345418
12.400001	45.98980445
12.500001	-33.14677857
12.600001	41.32695369
12.700001	-25.20718131
12.800001	-15.37794837
12.900001	7.77610551
13.000001	61.53409610
13.100001	14.77242977
13.200001	-47.44947455
13.300001	-6.16105340
13.400001	53.24859396
13.500001	-24.03641348
13.600001	55.74762400
13.700001	17.93119633
13.800001	30.68900305
13.900001	-41.93944572
14.000001	-39.74409179
14.100001	-8.22800329
14.200001	-15.29167206
14.300001	-25.19213048
14.400001	114.20782912
14.500001	130.82556502
14.600001	-46.94473527
14.700001	4.37085938
14.800001	47.26241764
14.900001	-12.95288426
15.000001	26.96381089
15.100001	35.29419718
15.200001	29.72563941
15.300001	-82.54407692
15.400001	-16.61722251
15.500001	54.64008616
15.600001	16.26189757
15.700001	60.15102634
15.800001	40.32825999
15.900001	47.01025442
16.000001	42.43832359
16.100001	-14.67382261
16.200001	23.80917055
16.300001	99.75617232
16.400001	72.66300268
16.500001	-37.81523484
16.600001	77.20084354
16.700001	8.01639438
16.800001	3.10453447
16.900001	-44.53190773
17.000001	-5.95677921
17.100001	-75.01412937
17.200001	-49.29600815
17.300001	-35.15241690
17.400001	110.38269691
17.500001	47.06174759
17.600001	-21.26400688
17.700001	-17.47305149
17.800001	-30.05245252
17.900001	60.64956648
18.000001	-26.86137214
18.100001	-44.35086642
18.200001	58.07047725
18.300001	-14.89585909
18.400001	-96.80344018
18.500001	-33.50551416
18.600001	44.13330325
18.700001	17.12216974
18.800001	-62.09238837
18.900001	-84.34547150
19.000001	-99.63938567
19.100001	13.23089380
19.200001	-1.60218420
19.300001	27.46061566
19.400001	4.53842653
19.500001	53.66566677
19.600001	9.14298565
19.700001	25.23911867
19.800001	71.16141005
19.900001	58.77609992
20.000001	-24.67904948
20.100001	-19.73697761
20.200001	70.99431369
20.300001	-1.02309099
20.400001	-67.38544854
20.500001	38.46074579
20.600001	-3.64698335
20.700001	34.23575682
20.800001	-2.67901095
20.900001	67.72535595
21.000001	25.07573391
21.100001	-64.24915429
21.200001	-44.70063717
21.300001	-31.89644422
21.400001	17.61703951
21.500001	69.50457894
21.600001	-41.98558347
21.700001	3.19040541
21.800001	-165.84552067
21.900001	2.19415701
22.000001	26.68597559
22.100001	86.37714977
22.200001	-21.61876522
22.300001	-19.73309213
22.400001	68.10715607
22.500001	-81.85753097
22.600001	-108.79614240
22.700001	-24.38005810
22.800001	20.08514467
22.900001	-0.98452406
23.000001	-50.78693520
23.100001	11.78225440
23.200001	-27.55182600
23.300001	60.15138055
23.400001	23.02201800
23.500001	-43.80836189
23.600001	84.19561545
23.700001	43.80680337
23.800001	27.86366701
23.900001	52.03260740
24.000001	44.77557912
24.100001	-126.82432368
24.200001	-68.54797629
24.300001	43.88149981
24.400001	123.22125135
24.500001	11.49039111
24.600001	-48.44571681
24.700001	-33.21295687
24.800001	-64.43392977
24.900001	-18.40082020
25.000001	1.26898255
25.100001	52.59963550
25.200001	31.71740314
25.300001	69.00500929
25.400001	-49.71709984
25.500001	6.63011373
25.600001	27.58653004
25.700001	10.38538121
25.800001	14.54216571
25.900001	63.70528542
26.000001	-23.09200030
26.100001	-91.84419482
26.200001	-10.05714199
26.300001	-4.49572287
26.400001	-21.20871872
26.500001	34.53785620
26.600001	45.54154424
26.700001	43.84543352
26.800001	6.22101291
26.900001	-77.52241098
27.000001	-103.27497833
27.100001	-2.38264465
27.200001	-75.22160257
27.300001	-40.92637111
27.400001	-36.66767828
27.500001	52.40070968
27.600001	-10.69906019
27.700001	-4.84250639
27.800001	24.32605634
27.900001	-49.09798886
28.000001	2.68669199
28.100001	21.64066397
28.200001	61.86908655
28.300001	50.23148011
28.400001	48.53945076
28.500001	45.36872933
28.600001	30.20712234
28.700001	-45.40070928
28.800001	-32.72157039
28.900001	5.98971727
29.000001	-3.35596243
29.100001	-83.77762438
29.200001	-35.41013690
29.300001	-41.36277510
29.400001	10.49209176
29.500001	16.01304367
29.600001	-61.66029275
29.700001	69.21635022
29.800001	61.30452812
29.900001	28.92274991
30.000001	16.56817208
30.100001	-112.60461251
30.200001	-97.78363953
30.300001	-66.79627081
30.400001	-84.29747201
30.500001	37.23396565
30.600001	-48.32922474
30.700001	8.33331611
30.800001	44.95207911
30.900001	51.46268149
31.000001	-94.89257855
31.100001	-10.89443334
31.200001	49.83839127
31.300001	41.00169483
31.400001	-0.75917318
31.500001	19.21825022
31.600002	-19.83337505
31.700002	28.75992017
31.800002	43.55189094
31.900002	-15.71434184
32.000002	8.23142347
32.100002	-61.07066319
32.200002	-110.65376744
32.300002	-6.41438507
32.400002	44.41366188
32.500002	-15.47952802
32.600002	-26.18467426
32.700002	29.83979806
32.800002	1.21869698
32.900002	-14.70443300
33.000002	-46.49957097
33.100002	-47.96309821
33.200002	9.49727699
33.300002	25.88479641
33.400002	-16.30815093
33.500002	-15.33517860
33.600002	-22.52136283
33.700002	74.65906039
33.800002	-13.35869639
33.900002	71.59663512
34.000002	12.45292772
34.100002	0.87501581
34.200002	-35.18827819
34.300002	2.38018188
34.400002	-54.41171571
34.500002	41.99836753
34.600002	-14.78526778
34.700002	-40.00003028
34.800002	33.33012075
34.900002	-89.04176054
35.000002	22.21121771
35.100002	16.56368927
35.200002	13.41985934
35.300002	-56.93199813
35.400002	27.36999662
35.500002	-19.45058077
35.600002	-39.72288690
35.700002	20.32018626
35.800002	-18.05512541
35.900002	-5.50855083
36.000002	-46.72425206
36.100002	14.99695873
36.200002	-36.60079299
36.300002	69.99675180
36.400002	-8.35687897
36.500002	-30.84322860
36.600002	10.79772274
36.700002	-55.82579518
36.800002	-113.67724119
36.900002	36.03082547
37.000002	24.77308314
37.100002	6.11279377
37.200002	-27.05883203
37.300002	103.98503444
37.400002	-8.13145354
37.500002	-48.38860559
37.600002	109.17159553
37.700002	-19.74182052
37.800002	44.23848944
37.900002	-9.46874638
38.000002	-25.38207558
38.100002	-69.82475084
38.200002	-24.13146823
38.300002	-1.98349483
38.400002	38.67543770
38.500002	19.87310334
38.600002	79.87568513
38.700002	-14.16117239
38.800002	-18.41500620
38.900002	-9.51649423
39.000002	-64.79629316
39.100002	20.45399269
39.200002	62.41787396
39.300002	28.39534047
39.400002	-24.73375226
39.500002	-45.67078794
39.600002	-26.94624052
39.700002	-0.74127532
39.800002	-49.98225921
39.900002	-50.59012478
40.000002	51.91516079
40.100002	109.23186452
40.200002	-77.18503157
40.300002	-69.59575788
40.400002	52.36832411
40.500002	-56.51575539
40.600002	-17.65951661
40.700002	-80.50389475
40.800002	78.89960892
40.900002	20.28514509
41.000002	-47.92703079
41.100002	21.38423699
41.200002	-0.26490747
41.300002	69.13203045
41.400002	20.93042317
41.500002	-0.17324515
41.600002	32.18922963
41.700002	-54.56934834
41.800002	35.30633172
41.900002	-20.63265804
42.000002	-16.43742960
42.100002	69.15965830
42.200002	8.85506168
42.300002	-85.54156864
42.400002	-6.45557547
42.500002	-33.76537119
42.600002	-21.27211338
42.700002	4.11241194
42.800002	56.15618472
42.900002	-4.36954734
43.000002	-113.35953459
43.100002	-11.81739433
43.200002	65.85104586
43.300002	42.05088111
43.400002	-42.18884558
43.500002	-32.31277256
43.600002	68.14838496
43.700002	52.84527251
43.800002	49.46290841
43.900002	21.86158411
44.000002	-3.55027082
44.100002	13.93930184
44.200002	-52.98403974
44.300002	-26.23141401
44.400002	38.61848900
44.500002	15.08585876
44.600002	7.30165033
44.700002	35.81236784
44.800002	-60.66706405
44.900002	-15.62376591
45.000002	-32.47617475
45.100002	-30.14644560
45.200002	19.65924353
45.300002	-55.20294398
45.400002	31.99621818
45.500002	-17.82399603
45.600002	-52.40883415
45.700002	1.99492070
45.800002	54.95519573
45.900002	9.83645477
46.000002	41.12852791
46.100002	7.36900045
46.200002	51.46312905
46.300002	-110.59602575
46.400002	-29.75124705
46.500002	-15.78879731
46.600002	138.64082393
46.700002	4.35528344
46.800002	-47.60223202
46.900002	-52.79888663
47.000002	-6.69963105
47.100002	-22.49343543
47.200002	77.09427163
47.300002	14.75334799
47.400002	61.58323598
47.500002	-18.90616114
47.600002	-36.41071935
47.700002	-11.91487572
47.800002	4.80868920
47.900002	70.44034224
48.000002	39.67780623
48.100002	-76.93170745
48.200002	-40.97865575
48.300002	-13.56807551
48.400002	-61.69563590
48.500002	-3.68255098
48.600002	39.66535069
48.700002	57.00526817
48.800002	83.20859404
48.900002	0.18427412
49.000002	25.23963221
49.100002	-7.71130956
49.200002	-42.84786205
49.300002	-128.21517450
49.400002	-98.17288237
49.500002	31.78959815
49.600002	-14.70233066
49.700002	61.97919528
49.800002	-21.22758952
49.900002	54.94534757
50.000002	70.16470127
50.100002	-0.50834940
50.200002	14.08505165
50.300002	-1.25136732
50.400002	-12.19371722
50.500002	15.94274518
50.600002	1.78167395
50.700002	31.91158507
50.800002	15.83056470
50.900002	71.08893378
51.000002	-31.26385898
51.100002	27.94085637
51.200002	-21.86477830
51.300002	-26.42138140
51.400002	99.43393784
51.500002	2.62283016
51.600002	-119.59898803
51.700002	-44.00520177
51.800002	-102.66344595
51.900002	6.22565994
52.000002	106.53963917
52.100002	-53.77267537
52.200002	-10.69983782
52.300002	42.27978290
52.400002	4.80048733
52.500002	6.47448175
52.600002	-18.32865595
52.700003	-28.76595697
52.800003	-34.87770139
52.900003	29.95663314
53.000003	-3.24841384
53.100003	-107.50962346
53.200003	-52.53208465
53.300003	-73.68497966
53.400003	-29.86218077
53.500003	-121.63885052
53.600003	-64.31345911
53.700003	-2.28955675
53.800003	-149.06228169
53.900003	-23.96566716
54.000003	-67.38423272
54.100003	-29.66029915
54.200003	54.76622112
54.300003	11.38970814
54.400003	166.83219467
54.500003	22.62323572
54.600003	28.23851317
54.700003	-9.43765818
54.800003	-39.01330397
54.900003	22.37078466
55.000003	-36.64801822
55.100003	10.59373438
55.200003	50.64397951
55.300003	45.17830898
55.400003	95.63972102
55.500003	66.54153181
55.600003	10.82204016
55.700003	41.93115801
55.800003	-65.56575005
55.900003	-122.43401057
56.000003	-61.22931341
56.100003	73.01738363
56.200003	-43.40111023
56.300003	-3.24432041
56.400003	-24.78476648
56.500003	-30.53626917
56.600003	8.99769570
56.700003	16.27558127
56.800003	98.32865719
56.900003	-34.12806370
57.000003	89.88139495
57.100003	-68.52941034
57.200003	35.68944826
57.300003	76.52460202
57.400003	11.97555458
57.500003	-1.68097204
57.600003	-60.54079600
57.700003	-17.85899037
57.800003	51.28625146
57.900003	-65.52451432
58.000003	-56.52778984
58.100003	-52.88506474
58.200003	-14.98438682
58.300003	-0.20799835
58.400003	24.22729445
58.500003	-66.88270960
58.600003	-18.67593723
58.700003	44.27177998
58.800003	25.04257109
58.900003	-73.48185336
59.000003	33.03271617
59.100003	25.46211038
59.200003	-44.43779440
59.300003	-11.11370200
59.400003	107.12972259
59.500003	21.71682406
59.600003	33.82567434
59.700003	-75.66786950
59.800003	-68.71901535
59.900003	-37.50799415
60.000003	15.12076357
60.100003	-16.07457146
60.200003	25.34933180
60.300003	14.90616298
60.400003	-80.18769456
60.500003	16.45161595
60.600003	-22.95105863
60.700003	41.03529334
60.800003	-28.72231723
60.900003	75.40007221
61.000003	10.77322850
61.100003	-51.26504202
61.200003	8.64125878
61.300003	-44.77883760
61.400003	33.89769999
61.500003	54.43676302
61.600003	-25.23476084
61.700003	-43.87258983
61.800003	13.42965902
61.900003	-6.78885528
62.000003	25.00816015
62.100003	-106.96723692
62.200003	-24.12341766
62.300003	-46.93072491
62.400003	-4.73484887
62.500003	-72.13195716
62.600003	21.05810267
62.700003	38.69478806
62.800003	-10.28272657
62.900003	83.13625147
63.000003	83.81019845
63.100003	4.64796219
63.200003	-13.44463166
63.300003	22.39371853
63.400003	-57.06582618
63.500003	7.06203673
63.600003	11.21871554
63.700003	-8.80115126
63.800003	-36.45622422
63.900003	-56.97973507
64.000003	-38.39539636
64.100003	51.52792450
64.200003	-91.32805719
64.300003	-79.23740541
64.400003	-55.49692087
64.500003	-74.89919421
64.600003	26.99482831
64.700003	10.94880125
64.800003	5.66680331
64.900003	12.30320152
65.000003	16.67669233
65.100003	82.71440335
65.200003	59.20078686
65.300003	-5.37611778
65.400003	-76.11144811
65.500003	-25.52114544
65.600003	-18.10815857
65.700003	-64.47432905
65.800003	-36.24640315
65.900003	-46.82823528
66.000003	-12.83743096
66.100003	31.22119640
66.200003	-4.44448761
66.300003	56.83969878
66.400003	30.44813535
66.500003	-17.33083946
66.600003	-54.50038254
66.700003	68.10356125
66.800003	66.50465019
66.900003	0.63380461
67.000003	27.47018254
67.100003	-2.13265147
67.200003	38.31347402
67.300003	55.60929382
67.400003	71.05438809
67.500003	-12.79015315
67.600003	77.92428079
67.700003	-19.62401410
67.800003	34.98217677
67.900003	-85.38879757
68.000003	52.02676350
68.100003	65.92102137
68.200003	51.17498231
68.300003	90.73656564
68.400003	80.57539550
68.500003	0.14481504
68.600003	0.98982555
68.700003	35.47025367
68.800003	-59.76912362
68.900003	-31.52721243
69.000003	-136.55315367
69.100003	16.58333422
69.200003	80.47636165
69.300003	-8.62045706
69.400003	-9.46061898
69.500003	-34.50779850
69.600003	-13.01512466
69.700003	-76.01227814
69.800003	1.56025735
69.900003	8.20887792
70.000003	16.94509411
70.100003	30.20340308
70.200003	-16.10712544
70.300003	-4.60278266
70.400003	-70.73002620
70.500003	42.03139566
70.600003	27.80286824
70.700003	7.13319698
70.800003	-30.87743850
70.900003	82.97356709
71.000003	67.49119205
71.100003	28.14283310
71.200003	54.34800656
71.300003	-16.98592372
71.400003	2.79134509
71.500003	-39.07490189
71.600003	31.63047351
71.700003	-12.77613773
71.800003	-46.80969930
71.900003	-96.37756629
72.000003	-5.09475150
72.100003	15.24759542
72.200003	66.18047416
72.300003	84.50092381
72.400003	-32.94807068
72.500003	115.99302886
72.600003	80.42154242
72.700003	81.68617501
72.800003	73.62362239
72.900003	31.60404046
73.000003	-28.64076087
73.100003	-55.23608433
73.200003	-13.02700937
73.300003	-53.33019071
73.400003	-58.10595164
73.500003	-84.04405612
73.600003	-38.80151968
73.700004	-104.66470352
73.800004	-41.12448915
73.900004	-39.53305970
74.000004	-124.10770994
74.100004	-43.34848686
74.200004	72.74810963
74.300004	-5.28164769
74.400004	-34.49743157
74.500004	-53.55661451
74.600004	4.53056664
74.700004	-2.93231465
74.800004	77.95265166
74.900004	-2.91277488
75.000004	-2.88676838
75.100004	27.22589378
75.200004	-5.46842473
75.300004	-60.11231658
75.400004	51.80558957
75.500004	77.13249457
75.600004	-80.86947676
75.700004	2.05520623
75.800004	26.06123906
75.900004	10.39160814
76.000004	-51.40555665
76.100004	80.97896132
76.200004	-36.88582272
76.300004	-28.79502175
76.400004	52.16944286
76.500004	45.72145160
76.600004	-36.71547406
76.700004	-14.39575304
76.800004	45.05242656
76.900004	24.46032461
77.000004	-2.36018519
77.100004	-75.23531185
77.200004	-4.55582114
77.300004	-16.09891705
77.400004	19.74683127
77.500004	-17.05717198
77.600004	36.20783279
77.700004	23.48439106
77.800004	-3.70265975
77.900004	-77.88763849
78.000004	61.16090213
78.100004	32.42281510
78.200004	-29.47059834
78.300004	4.20653614
78.400004	50.97507496
78.500004	17.53184019
78.600004	-1.08671738
78.700004	70.82288756
78.800004	7.24014660
78.900004	65.41231816
79.000004	-4.70971155
79.100004	-44.77761142
79.200004	-59.53808052
79.300004	-5.85989869
79.400004	-32.50150237
79.500004	-16.17174954
79.600004	55.97830710
79.700004	15.46339459
79.800004	61.31015732
79.900004	35.70279864
80.000004	77.30446118
80.100004	-2.51467283
80.200004	-53.76697898
80.300004	20.19811618
80.400004	0.76967583
80.500004	108.99464812
80.600004	1.20161945
80.700004	41.79160697
80.800004	3.90897703
80.900004	-23.85286015
81.000004	-8.82732840
81.100004	-12.35428596
81.200004	-52.58893191
81.300004	68.45855269
81.400004	-28.73679869
81.500004	-71.65073093
81.600004	10.81803138
81.700004	20.55273108
81.800004	-30.56772642
81.900004	-38.05223783
82.000004	-108.64314549
82.100004	-60.06560707
82.200004	-9.98788293
82.300004	8.02628765
82.400004	58.15525489
82.500004	109.20614306
82.600004	-18.56385216
82.700004	51.35193128
82.800004	110.89942385
82.900004	68.91955792
83.000004	9.86723812
83.100004	26.91259962
83.200004	80.56049675
83.300004	39.42313767
83.400004	3.29156916
83.500004	18.15116547
83.600004	37.29151243
83.700004	4.62561122
83.800004	-6.83737778
83.900004	72.19090578
84.000004	20.32665409
84.100004	91.07155089
84.200004	48.13425037
84.300004	-4.51251717
84.400004	15.72082942
84.500004	-46.02487755
84.600004	-44.80789556
84.700004	-34.53238113
84.800004	5.83205994
84.900004	97.71573722
85.000004	-20.64157903
85.100004	1.05282851
85.200004	19.89227332
85.300004	25.23303267
85.400004	-16.81765538
85.500004	-57.58963043
85.600004	-37.57008853
85.700004	-76.55027623
85.800004	-22.77908794
85.900004	32.53534812
86.000004	68.29850888
86.100004	-59.28702763
86.200004	-85.83927343
86.300004	-19.29123923
86.400004	-58.11313798
86.500004	56.37893472
86.600004	48.21637136
86.700004	-72.64821101
86.800004	37.05628283
86.900004	12.32650723
87.000004	-50.06908855
87.100004	-64.11511111
87.200004	32.95778657
87.300004	28.33894015
87.400004	55.00741200
87.500004	-3.35843210
87.600004	6.74522852
87.700004	-7.04699834
87.800004	83.74748825
87.900004	65.53049740
88.000004	-50.99141483
88.100004	11.24025490
88.200004	81.61530029
88.300004	-0.35837601
88.400004	-74.68036490
88.500004	25.77727947
88.600004	-93.22169462
88.700004	2.35165397
88.800004	-40.43066835
88.900004	30.57598911
89.000004	41.37408489
89.100004	20.69633867
89.200004	21.47914848
89.300004	70.01456204
89.400004	12.99763199
89.500004	24.52949349
89.600004	50.88801452
89.700004	41.91935822
89.800004	36.98272595
89.900004	-7.62112596
90.000004	74.60788814
90.100004	81.05058624
90.200004	17.13946670
90.300004	92.64953790
90.400004	-12.22497909
90.500004	21.94151247
90.600004	43.95265220
90.700004	110.65398377
90.800004	3.97955696
90.900004	13.67137862
91.000004	-23.96946345
91.100004	-82.59261654
91.200004	66.96054001
91.300004	26.98735265
91.400004	-17.96080156
91.500004	58.05135669
91.600004	29.91225467
91.700004	32.11550526
91.800004	80.89117977
91.900004	21.09616179
92.000004	35.72734735
92.100004	-9.42466515
92.200004	-22.86260721
92.300004	11.79659253
92.400004	-5.25432888
92.500004	-14.80836138
92.600004	-26.03747836
92.700004	-59.55100102
92.800004	-37.17937085
92.900004	21.96410712
93.000004	-23.25617219
93.100004	-25.33150502
93.200004	53.73057900
93.300004	-55.76906677
93.400004	-18.93007485
93.500004	103.87810946
93.600004	-42.84104609
93.700004	-1.10942934
93.800004	-78.27388776
93.900004	-51.97048810
94.000004	16.54825070
94.100004	88.78675504
94.200004	-31.37118293
94.300004	-45.64781937
94.400004	-74.27993344
94.500004	-41.25473126
94.600004	13.26210492
94.700004	-66.00661202
94.800005	-118.44356605
94.900005	-96.79069169
95.000005	79.96735508
95.100005	-17.43847598
95.200005	-79.29120349
95.300005	13.91536948
95.400005	62.86021766
95.500005	11.47063978
95.600005	-12.35281499
95.700005	-38.30993011
95.800005	2.13850567
95.900005	1.87757947
96.000005	15.59652997
96.100005	-46.05108113
96.200005	3.32134949
96.300005	-56.23389541
96.400005	67.86752216
96.500005	98.50698237
96.600005	29.98465010
96.700005	-16.83315265
96.800005	-30.60515653
96.900005	79.38454696
97.000005	34.37824855
97.100005	-6.29481000
97.200005	-65.25856144
97.300005	120.54665054
97.400005	56.21690941
97.500005	-17.46435176
97.600005	-26.99293505
97.700005	24.04391030
97.800005	-56.39454505
97.900005	16.13377121
98.000005	-124.50292283
98.100005	-81.57185547
98.200005	-40.83791067
98.300005	-19.13986917
98.400005	-43.99391670
98.500005	-17.83878284
98.600005	21.77290990
98.700005	74.24714326
98.800005	-19.83188315
98.900005	56.26274336
99.000005	14.41887955
99.100005	4.34747759
99.200005	25.99393085
99.300005	-12.75286033
99.400005	24.63399446
99.500005	-71.17132334
99.600005	0.75488145
99.700005	-38.06167556
99.800005	-25.25510026
99.900005	7.84655516
100.000005	79.81448233
100.100005	17.30504107
100.200005	2.06767703
100.300005	-39.56052395
100.400005	-25.04860518
100.500005	44.66033682
100.600005	19.77333169
100.700005	10.15376151
100.800005	25.46023480
100.900005	-0.94370862
101.000005	-1.97716207
101.100005	-23.94896797
101.200005	-24.19911622
101.300005	29.28563419
101.400005	-12.37240571
101.500005	-32.00908358
101.600005	-9.46981282
101.700005	-8.62406812
101.800005	50.90174345
101.900005	-42.82446948
102.000005	-4.62764727
102.100005	19.13814680
102.200005	37.21914080
102.300005	38.89876656
102.400005	-62.61853545
102.500005	-78.08753301
102.600005	-84.56702543
102.700005	-8.62678754
102.800005	-35.49229875
102.900005	-25.79158991
103.000005	-37.41782455
103.100005	-63.79602403
103.200005	-23.99816467
103.300005	-51.58735432
103.400005	50.71732822
103.500005	118.67402606
103.600005	-14.86699776
103.700005	14.79776522
103.800005	6.82644365
103.900005	69.42932539
104.000005	20.38237241
104.100005	51.97488461
104.200005	30.27684721
104.300005	-11.18760415
104.400005	-41.36053127
104.500005	38.71425502
104.600005	-44.14863645
104.700005	23.13483773
104.800005	16.52169172
104.900005	-34.01766342
105.000005	35.60010209
105.100005	-10.01697790
105.200005	37.21357362
105.300005	43.00478110
105.400005	66.03475997
105.500005	38.57817965
105.600005	86.44549295
105.700005	-84.80264794
105.800005	54.80011442
105.900005	70.01001927
106.000005	11.80412919
106.100005	60.70182593
106.200005	-9.68220605
106.300005	-72.92820571
106.400005	-56.94839157
106.500005	-10.91041542
106.600005	40.72691033
106.700005	64.34285570
106.800005	-8.39848714
106.900005	-61.75534819
107.000005	30.84164636
107.100005	-13.34592405
107.200005	-10.51933387
107.300005	-25.72431070
107.400005	95.11146534
107.500005	48.70825926
107.600005	101.84813227
107.700005	22.00668383
107.800005	-22.19960875
107.900005	-35.58692656
108.000005	33.32733084
108.100005	-16.65324615
108.200005	-91.12492081
108.300005	13.47806603
108.400005	82.45524746
108.500005	-20.77336229
108.600005	30.41186132
108.700005	55.21865992
108.800005	21.40670582
108.900005	36.41099994
109.000005	-44.71566926
109.100005	-39.03009115
109.200005	38.27746549
109.300005	-31.21380414
109.400005	-69.85178359
109.500005	-49.56655012
109.600005	-60.33878207
109.700005	-17.84955132
109.800005	-65.66759999
109.900005	-76.24615301
110.000005	44.93384857
110.100005	4.33024168
110.200005	98.81799536
110.300005	25.56199877
110.400005	-49.00356800
110.500005	-40.86064753
110.600005	-41.81974385
110.700005	-36.39678741
110.800005	40.98865004
110.900005	41.02157904
111.000005	-16.91496589
111.100005	-76.49616978
111.200005	-39.66175983
111.300005	-52.39676952
111.400005	32.09478075
111.500005	-45.45542799
111.600005	-52.51465354
111.700005	-14.63957407
111.800005	-10.43949777
111.900005	20.32463117
112.000005	35.82337798
112.100005	-76.59067713
112.200005	-49.02326003
112.300005	84.84373552
112.400005	17.16292862
112.500005	63.47999728
112.600005	116.92020732
112.700005	53.91450239
112.800005	-33.74483315
112.900005	117.69783537
113.000005	-79.83907243
113.100005	-86.05658396
113.200005	21.75612813
113.300005	68.91625830
113.400005	15.24385991
113.500005	50.70920960
113.600005	-34.86028707
113.700005	-7.26870851
113.800005	68.12607695
113.900005	79.55840452
114.000005	-36.46043228
114.100005	-5.04365856
114.200005	-12.04834265
114.300005	-33.11695329
114.400005	-77.67626018
114.500005	-14.74365474
114.600005	-53.40769579
114.700005	46.00674493
114.800005	-16.75977425
114.900005	47.30807637
115.000005	-17.34553770
115.100005	56.19969921
115.200005	-20.36950388
115.300005	-50.20217508
115.400005	33.51273207
115.500005	-62.72530254
115.600005	37.21261603
115.700005	2.98530327
115.800006	52.23013941
115.900006	-22.17207971
116.000006	-21.37961779
116.100006	20.84590391
116.200006	38.82105674
116.300006	-32.26456715
116.400006	-0.23271282
116.500006	-78.84544208
116.600006	-2.88982353
116.700006	49.27675380
116.800006	58.97585628
116.900006	-15.04805504
117.000006	7.65988494
117.100006	44.16591397
117.200006	-20.44529012
117.300006	9.81101282
117.400006	163.92250267
117.500006	63.75406689
117.600006	-62.61434131
117.700006	0.63882440
117.800006	-23.94724631
117.900006	-52.77800349
118.000006	-30.56308871
118.100006	-23.90465806
118.200006	55.43231901
118.300006	-67.78068182
118.400006	18.84516971
118.500006	-57.96291613
118.600006	-11.69176935
118.700006	21.49672317
118.800006	-31.18075096
118.900006	42.81075895
119.000006	37.23980533
119.100006	-19.59106417
119.200006	16.02908327
119.300006	4.12770785
119.400006	76.32326676
119.500006	51.80427086
119.600006	-33.22806256
119.700006	19.71949006
119.800006	-56.80777329
119.900006	-83.75167810
120.000006	-37.42689149
120.100006	-70.68220220
120.200006	-32.74630204
120.300006	-46.53166321
120.400006	-15.95077807
120.500006	-68.99174136
120.600006	6.20527230
120.700006	-50.22454774
120.800006	-31.10684916
120.900006	-115.42610510
121.000006	49.03476068
121.100006	80.21087873
121.200006	-59.07013757
121.300006	8.70965038
121.400006	-15.60626538
121.500006	3.45399539
121.600006	42.01284389
121.700006	-86.55548469
121.800006	-52.31843941
121.900006	-72.22169096
122.000006	-63.82382178
122.100006	77.09283236
122.200006	-12.23576975
122.300006	-54.65140720
122.400006	-42.97988122
122.500006	-76.25046460
122.600006	49.97710502
122.700006	-36.17563204
122.800006	20.00057987
122.900006	17.08774831
123.000006	15.95983524
123.100006	64.24447339
123.200006	57.32810803
123.300006	13.50611559
123.400006	61.31962824
123.500006	-9.14164645
123.600006	-13.67328589
123.700006	2.78536334
123.800006	-4.05623561
123.900006	24.78726700
124.000006	77.29483850
124.100006	6.44586846
124.200006	-41.92602233
124.300006	55.28760749
124.400006	81.28883084
124.500006	36.96634702
124.600006	2.36827947
124.700006	39.93792915
124.800006	-29.06652495
124.900006	51.91441105
125.000006	-12.99895796
125.100006	-35.43895496
125.200006	-14.56731912
125.300006	54.17592824
125.400006	-10.18495292
125.500006	7.19513927
125.600006	-22.83417348
125.700006	-97.40124115
125.800006	-67.89247242
125.900006	33.25805215
126.000006	35.27776453
126.100006	67.07073574
126.200006	-70.60890440
126.300006	11.41680182
126.400006	-71.34002118
126.500006	-13.37721712
126.600006	24.56959073
126.700006	-10.13565696
126.800006	2.98608619
126.900006	-135.45794799
127.000006	-27.25536259
127.100006	24.44676965
127.200006	-14.51304258
127.300006	-54.77899253
127.400006	22.37755020
127.500006	-38.80248850
127.600006	52.22947227
127.700006	45.54880189
127.800006	-12.13413062
127.900006	-37.01994638
128.000006	-29.63575631
128.100006	-57.84372358
128.200006	-8.33141505
128.300006	118.76756252
128.400006	64.84561385
128.500006	28.48469654
128.600006	46.35104325
128.700006	-17.96052519
128.800006	143.30122805
128.900006	17.14231945
129.000006	5.10245622
129.100006	-20.46283972
129.200006	45.05730291
129.300006	103.27709588
129.400006	-34.74109327
129.500006	-72.19039766
129.600006	-20.54947803
129.700006	-66.91685234
129.800006	42.41453858
129.900006	51.82039448
130.000006	-78.93361173
130.100006	20.25029774
130.200006	-3.80181461
130.300006	-26.82852886
130.400006	-114.50137909
130.500006	26.32367443
130.600006	41.59974531
130.700006	8.38038657
130.800006	-80.18741125
130.900006	-15.37833611
131.000006	-40.19218218
131.100006	-100.60739785
131.200006	24.48036363
131.300006	-5.21687974
131.400006	76.05682641
131.500006	5.19126012
131.600006	47.76288531
131.700006	-65.45775389
131.800006	-65.37481046
131.900006	5.51635022
132.000006	-46.58842576
132.100006	-38.34792751
132.200006	28.22667359
132.300006	-28.34012264
132.400006	-20.60706127
132.500006	16.12384916
132.600006	59.37683375
132.700006	-17.21044759
132.800006	-12.44676037
132.900006	-1.52843482
133.000006	91.32496343
133.100006	-16.47714030
133.200006	-10.76569236
133.300006	11.51065375
133.400006	-66.18545801
133.500006	9.19406220
133.600006	-51.68607946
133.700006	-23.78488134
133.800006	-26.45093701
133.900006	63.39135997
134.000006	-54.72072020
134.100006	55.81330726
134.200006	34.39692760
134.300006	-100.19644768
134.400006	-48.22130897
134.500006	-4.82498420
134.600006	33.98200751
134.700006	-0.72964550
134.800006	-4.24867078
134.900006	-46.18518163
135.000006	-34.43708028
135.100006	34.81160737
135.200006	0.18490238
135.300006	-102.89427304
135.400006	18.19041868
135.500006	40.47247087
135.600006	47.40420104
135.700006	-26.36544749
135.800006	-36.67615071
135.900006	64.89217590
136.000006	14.33845160
136.100006	-53.31868593
136.200006	-23.46351492
136.300006	12.41272199
136.400006	96.52954651
136.500006	65.86432901
136.600006	61.75742692
136.700006	52.88033281
136.800006	52.84344583
136.900007	55.65413070
137.000007	0.42283495
137.100007	10.46386882
137.200007	-29.55877565
137.300007	-114.67456140
137.400007	-0.12458517
137.500007	26.35350758
137.600007	-24.87749372
137.700007	-18.50667376
137.800007	-91.93218415
137.900007	-14.09228151
138.000007	14.70280068
138.100007	85.77516880
138.200007	45.92500458
138.300007	36.70556045
138.400007	74.58847680
138.500007	-89.75613624
138.600007	10.61629491
138.700007	-73.85667851
138.800007	-39.58065912
138.900007	-32.25909836
139.000007	-1.32507081
139.100007	53.11403023
139.200007	-33.33767032
139.300007	-19.92931687
139.400007	18.15684690
139.500007	-14.10696932
139.600007	36.51948955
139.700007	36.08623865
139.800007	-9.35972092
139.900007	113.46225693
140.000007	39.90659020
140.100007	30.24417584
140.200007	5.15693748
140.300007	52.96157764
140.400007	69.88122369
140.500007	-32.55682818
140.600007	89.36108774
140.700007	-11.84252499
140.800007	7.12181801
140.900007	-37.59733862
141.000007	-3.91257160
141.100007	-6.61371292
141.200007	-55.58026783
141.300007	-55.01848605
141.400007	45.88910958
141.500007	113.43511155
141.600007	3.80242924
141.700007	-81.90596056
141.800007	78.61311011
141.900007	12.74380320
142.000007	11.20741274
142.100007	-33.74749615
142.200007	67.75318355
142.300007	130.41589224
142.400007	64.52008212
142.500007	8.62758919
142.600007	-41.90302618
142.700007	60.49020368
142.800007	52.25221821
142.900007	18.24669349
143.000007	-17.39466459
143.100007	10.10017115
143.200007	-53.40115074
143.300007	79.20865417
143.400007	-24.36767790
143.500007	-100.44647593
143.600007	-25.71272286
143.700007	5.95085362
143.800007	-21.11144612
143.900007	114.62902245
144.000007	-4.54765180
144.100007	-60.25616337
144.200007	-136.93901364
144.300007	-10.75929880
144.400007	89.91433051
144.500007	-75.25130174
144.600007	23.49939684
144.700007	-79.95599968
144.800007	-5.51408731
144.900007	10.53138782
145.000007	-18.29245360
145.100007	-9.02352236
145.200007	6.84129310
145.300007	-30.14042488
145.400007	20.86729068
145.500007	28.09943489
145.600007	46.12814134
145.700007	-114.10980754
145.800007	-65.48264961
145.900007	0.38471125
146.000007	28.57639817
146.100007	-49.01304841
146.200007	25.95130168
146.300007	40.32087620
146.400007	43.47935656
146.500007	57.05277866
146.600007	-18.81763450
146.700007	34.54498085
146.800007	-40.31343807
146.900007	-40.66830026
147.000007	17.58280918
147.100007	-18.44708319
147.200007	20.38150203
147.300007	-64.32366542
147.400007	-9.47855212
147.500007	-123.36543680
147.600007	-14.10220940
147.700007	-78.41799906
147.800007	-0.79587393
147.900007	49.87017419
148.000007	-35.88095651
148.100007	26.87853988
148.200007	-67.58303888
148.300007	-60.04077712
148.400007	52.90310420
148.500007	-72.53018453
148.600007	12.10697158
148.700007	-21.10648051
148.800007	-39.00199797
148.900007	13.86896699
149.000007	36.89237933
149.100007	-14.93535910
149.200007	-4.41521296
149.300007	1.28934413
149.400007	-32.29513501
149.500007	-96.98861374
149.600007	10.90905603
149.700007	-4.89218388
149.800007	-12.27671957
149.900007	-47.09658332
150.000007	45.08756138
150.100007	30.96311496
150.200007	83.87907355
150.300007	-42.69488456
150.400007	4.65192322
150.500007	-17.79771401
150.600007	-101.37079618
150.700007	28.13847039
150.800007	81.75633157
150.900007	10.45854702
151.000007	-5.95540774
151.100007	2.38676925
151.200007	-83.24556837
151.300007	22.53485137
151.400007	-2.16680403
151.500007	7.52456380
151.600007	-39.06869563
151.700007	82.38878055
151.800007	-12.40188590
151.900007	36.48169142
152.000007	36.78873047
152.100007	-30.77393134
152.200007	6.33050801
152.300007	22.04573554
152.400007	61.33697754
152.500007	-48.45522355
152.600007	-23.96903957
152.700007	27.28815634
152.800007	7.14000819
152.900007	75.57231243
153.000007	-8.07782908
153.100007	-23.30333115
153.200007	1.84740251
153.300007	23.98355755
153.400007	80.84130076
153.500007	107.81567629
153.600007	88.68532306
153.700007	44.55287178
153.800007	-45.93323797
153.900007	-9.13435826
154.000007	12.87178485
154.100007	71.23936312
154.200007	24.16277714
154.300007	-75.28619051
154.400007	45.50814502
154.500007	82.18515798
154.600007	3.84587077
154.700007	66.34491376
154.800007	-42.39581458
154.900007	11.86427509
155.000007	54.57173139
155.100007	10.78915456
155.200007	14.95547712
155.300007	31.43529828
155.400007	92.71301894
155.500007	30.53383736
155.600007	23.60885059
155.700007	-73.01192448
155.800007	-36.67279407
155.900007	-5.79772565
156.000007	58.28219300
156.100007	60.64198217
156.200007	150.92529079
156.300007	20.54049936
156.400007	79.83957810
156.500007	-54.85657479
156.600007	46.35303060
156.700007	17.83443389
156.800007	24.35018896
156.900007	25.59470710
157.000007	41.89193025
157.100007	7.18581493
157.200007	-34.19290203
157.300007	-2.65096368
157.400007	14.10956687
157.500007	-64.53222923
157.600007	7.75968393
157.700007	50.25770791
157.800007	-13.02654990
157.900007	-90.68180243
158.000008	-56.64159228
158.100008	-123.50409467
158.200008	-12.95707256
158.300008	-39.88529680
158.400008	-32.73197140
158.500008	21.96833258
158.600008	-3.87930319
158.700008	40.52267987
158.800008	11.03712403
158.900008	-38.61833637
159.000008	34.26600942
159.100008	-57.64252629
159.200008	-35.67698616
159.300008	-34.04331468
159.400008	-76.38503484
159.500008	58.00034910
159.600008	40.14665482
159.700008	55.35207422
159.800008	-5.49525472
159.900008	-61.34041514
160.000008	39.60869166
160.100008	4.69010566
160.200008	129.66806056
160.300008	33.06160473
160.400008	-11.67923767
160.500008	31.86496453
160.600008	-13.65160173
160.700008	112.75350508
160.800008	47.99163135
160.900008	-0.99361325
161.000008	62.39008716
161.100008	27.32447969
161.200008	-30.26079796
161.300008	53.82168168
161.400008	-10.72760280
161.500008	2.95282972
161.600008	-1.07182672
161.700008	-10.05184902
161.800008	-32.83527298
161.900008	16.82447524
162.000008	-4.70406664
162.100008	64.31992889
162.200008	61.51415671
162.300008	-22.44521570
162.400008	-81.45238351
162.500008	-43.49479871
162.600008	-66.40159886
162.700008	63.11907683
162.800008	-80.57825464
162.900008	84.93267852
163.000008	-44.89530158
163.100008	-41.05536775
163.200008	-15.76573103
163.300008	-31.36427835
163.400008	-115.72279458
163.500008	-54.96299130
163.600008	-5.73412878
163.700008	49.29897125
163.800008	-62.02928047
163.900008	124.58606294
164.000008	16.50087043
164.100008	-53.24733681
164.200008	-36.69094463
164.300008	27.16917977
164.400008	-23.38499954
164.500008	0.51985537
164.600008	22.11433395
164.700008	-32.25533880
164.800008	-29.66615099
164.900008	115.32653065
165.000008	37.74627691
165.100008	-24.72061080
165.200008	-33.51946899
165.300008	-62.44523100
165.400008	54.73712664
165.500008	7.99044212
165.600008	34.51121626
165.700008	-85.17426346
165.800008	-52.32940880
165.900008	60.60443508
166.000008	22.39316685
166.100008	66.14946791
166.200008	-18.21883845
166.300008	7.89897266
166.400008	46.26941121
166.500008	65.85686941
166.600008	5.53088594
166.700008	60.15283255
166.800008	10.95148968
166.900008	94.05484124
167.000008	12.75896702
167.100008	-47.55824606
167.200008	60.44197605
167.300008	52.96950963
167.400008	77.16590468
167.500008	33.70255206
167.600008	118.67200805
167.700008	5.45940274
167.800008	2.54395662
167.900008	42.28527509
168.000008	56.14972629
168.100008	-35.87957236
168.200008	-62.47078334
168.300008	84.44848724
168.400008	162.46335231
168.500008	46.95744854
168.600008	22.13446906
168.700008	-36.03404111
168.800008	21.42915738
168.900008	-113.97435781
169.000008	12.67375107
169.100008	11.48660920
169.200008	-81.89663123
169.300008	-22.99211151
169.400008	4.85664996
169.500008	56.97996407
169.600008	34.30303927
169.700008	-100.62552668
169.800008	-24.91303636
169.900008	39.46851240
170.000008	-24.89723820
170.100008	-45.31782967
170.200008	90.16603988
170.300008	-15.61892132
170.400008	-31.93813279
170.500008	-43.47809252
170.600008	97.43658145
170.700008	8.65452356
170.800008	-3.65258792
170.900008	3.75613424
171.000008	12.47400392
171.100008	-25.34910185
171.200008	18.90884665
171.300008	-48.26341007
171.400008	-48.19259564
171.500008	-1.54795266
171.600008	30.44336450
171.700008	27.10443671
171.800008	-39.76576808
171.900008	-49.97230175
172.000008	-63.62991846
172.100008	-16.03516530
172.200008	-73.86107581
172.300008	-112.10697590
172.400008	-64.29058499
172.500008	-6.34378630
172.600008	19.02777830
172.700008	-129.96709277
172.800008	63.32555375
172.900008	0.62674207
173.000008	-63.20549344
173.100008	-28.13733291
173.200008	-146.12433577
173.300008	26.39143172
173.400008	53.70169434
173.500008	-0.37781230
173.600008	74.74034301
173.700008	-3.37842744
173.800008	-60.03345898
173.900008	-56.39035257
174.000008	61.12376848
174.100008	-6.18983571
174.200008	42.69661292
174.300008	17.04528714
174.400008	20.47623460
174.500008	11.07204194
174.600008	-7.30206631
174.700008	46.49468171
174.800008	57.16849571
174.900008	88.04846105
175.000008	-13.32469354
175.100008	30.29025419
175.200008	-14.48167612
175.300008	-4.42456944
175.400008	-19.05547175
175.500008	42.52741805
175.600008	60.24543696
175.700008	59.43278156
175.800008	-67.73043841
175.900008	-7.88840887
176.000008	3.42806185
176.100008	5.02330067
176.200008	-40.20783521
176.300008	-0.14950034
176.400008	2.22447727
176.500008	-19.05251843
176.600008	-5.81591528
176.700008	12.90689609
176.800008	12.87300120
176.900008	44.05639729
177.000008	-25.93681010
177.100008	35.34423526
177.200008	6.03254522
177.300008	-5.65417325
177.400008	26.95327433
177.500008	0.62392008
177.600008	25.78937553
177.700008	20.34084741
177.800008	-34.99318155
177.900008	-29.35005188
178.000008	-46.14961878
178.100008	-89.22061315
178.200008	-77.29224095
178.300008	-11.56666808
178.400008	-21.35973151
178.500008	-25.46944489
178.600008	19.68951886
178.700008	56.50145764
178.800008	45.64964062
178.900008	-62.63767135
179.000009	36.08785107
179.100009	38.74430032
179.200009	49.31462708
179.300009	84.10641242
179.400009	116.90936892
179.500009	90.81832053
179.600009	-45.97851623
179.700009	-37.43697998
179.800009	-39.92557081
179.900009	-79.30179532
180.000009	-43.47928076
180.100009	-87.24879787
180.200009	-25.40849127
180.300009	27.73213259
180.400009	-56.85653360
180.500009	-41.43337441
180.600009	44.89644758
180.700009	-6.41259793
180.800009	-27.03949701
180.900009	-7.94225656
181.000009	0.48323728
181.100009	79.83832703
181.200009	-58.65108192
181.300009	1.09283921
181.400009	-9.53971939
181.500009	51.11062052
181.600009	-3.14165477
181.700009	42.47313272
181.800009	-36.42130352
181.900009	39.74098749
182.000009	53.12575168
182.100009	-2.97126677
182.200009	37.48493134
182.300009	40.41618433
182.400009	-32.80162134
182.500009	-47.64215743
182.600009	-81.96982333
182.700009	-13.82395518
182.800009	26.43003383
182.900009	101.01609010
183.000009	-22.40584957
183.100009	3.58220134
183.200009	36.37982975
183.300009	9.99391245
183.400009	19.25775562
183.500009	-55.03281011
183.600009	43.55097955
183.700009	43.07787360
183.800009	17.52491058
183.900009	69.90019922
184.000009	-69.41918636
184.100009	18.80514729
184.200009	66.43007074
184.300009	20.14515795
184.400009	111.28206220
184.500009	-18.99254905
184.600009	4.86313397
184.700009	52.60314384
184.800009	-2.54452237
184.900009	12.08185788
185.000009	-105.42707284
185.100009	-28.92543079
185.200009	-80.72440920
185.300009	28.75090572
185.400009	-39.17135847
185.500009	122.06545304
185.600009	-63.17418913
185.700009	-19.75403612
185.800009	-2.44297409
185.900009	46.49969526
186.000009	-21.81518983
186.100009	-9.76522262
186.200009	12.44087898
186.300009	-4.99809335
186.400009	40.71535381
186.500009	37.95394250
186.600009	101.82450999
186.700009	-56.42855305
186.800009	-12.83001335
186.900009	-7.06834394
187.000009	-86.72410256
187.100009	-48.70366566
187.200009	-24.26412750
187.300009	20.75473891
187.400009	10.58288670
187.500009	2.62713304
187.600009	20.33837663
187.700009	-106.04669029
187.800009	32.57063588
187.900009	23.67139703
188.000009	44.11714258
188.100009	42.01002804
188.200009	-19.82836638
188.300009	115.86213876
188.400009	-11.49983769
188.500009	32.87302868
188.600009	55.26872283
188.700009	19.34415618
188.800009	39.56509174
188.900009	-50.22887786
189.000009	-49.79909588
189.100009	26.20719089
189.200009	47.92750630
189.300009	99.97289892
189.400009	81.60761926
189.500009	43.69567814
189.600009	59.96731674
189.700009	45.52139347
189.800009	-29.47482928
189.900009	-100.45531995
190.000009	-26.30779203
190.100009	41.68912259
190.200009	-43.16577376
190.300009	-22.75949250
190.400009	-84.03477905
190.500009	-21.82177874
190.600009	-45.08370438
190.700009	124.80423056
190.800009	12.57680535
190.900009	-28.27728889
191.000009	-2.70944176
191.100009	-13.68459089
191.200009	62.34297341
191.300009	-83.94824904
191.400009	-28.63892637
191.500009	9.32442611
191.600009	-3.04187292
191.700009	-35.40676293
191.800009	-61.19094882
191.900009	28.39156545
192.000009	-85.28118482
192.100009	14.80520339
192.200009	58.82888126
192.300009	-3.91262030
192.400009	-24.12461274
192.500009	-69.30565502
192.600009	16.47353204
192.700009	107.52369034
192.800009	-0.55200443
192.900009	47.39280490
193.000009	-20.78681498
193.100009	-66.82919742
193.200009	21.02776694
193.300009	-2.35261720
193.400009	31.00603698
193.500009	39.79590805
193.600009	0.91774902
193.700009	21.07304854
193.800009	38.86733685
193.900009	-50.12496705
194.000009	84.70391323
194.100009	49.70847944
194.200009	-2.22157927
194.300009	72.49825417
194.400009	-25.27563434
194.500009	7.25341508
194.600009	-98.48491326
194.700009	5.03810249
194.800009	-34.73884172
194.900009	-68.11971699
195.000009	-26.24659031
195.100009	-45.19922228
195.200009	88.85970280
195.300009	72.26776884
195.400009	-40.71781853
195.500009	-95.67094798
195.600009	9.04391564
195.700009	8.06398576
195.800009	-76.54465603
195.900009	90.26423132
196.000009	11.64132662
196.100009	4.44606139
196.200009	59.97237950
196.300009	-32.92913969
196.400009	-51.85710988
196.500009	13.71542901
196.600009	-20.13699383
196.700009	-39.98496549
196.800009	-6.58663379
196.900009	-39.00744735
197.000009	-28.46253739
197.100009	-12.36241423
197.200009	-19.02868147
197.300009	-107.40077717
197.400009	42.97286735
197.500009	-9.35876852
197.600009	44.56389177
197.700009	-59.94911334
197.800009	-25.36232661
197.900009	-52.51070541
198.000009	-23.02183082
198.100009	35.16432586
198.200009	18.53403633
198.300009	-0.81703684
198.400009	16.95721347
198.500009	72.57756856
198.600009	-2.33404303
198.700009	-129.75044468
198.800009	1.02867945
198.900009	23.19807434
199.000009	31.54443433
199.100009	-16.45146648
199.200009	-12.84582912
199.300009	-53.03898926
199.400009	-93.96746867
199.500009	30.56726102
199.600009	24.99563744
199.700009	-29.33605702
199.800009	45.80794280
199.900009	-19.55315694
200.000009	3.23530486
200.100010	-34.81115533
200.200010	27.97062610
200.300010	-63.21470633
200.400010	-6.29959282
200.500010	-39.20636057
200.600010	-30.17869711
200.700010	-9.79469796
200.800010	-14.21326920
200.900010	-51.93741585
201.000010	24.12339784
201.100010	-100.86786324
201.200010	1.10088350
201.300010	19.75215644
201.400010	4.10218810
201.500010	-30.53396847
201.600010	20.75080667
201.700010	88.78014090
201.800010	49.49467132
201.900010	-32.14916334
202.000010	10.11974567
202.100010	-14.82120115
202.200010	-33.40434429
202.300010	-41.60763176
202.400010	22.78056708
202.500010	49.80930463
202.600010	-85.64801087
202.700010	-138.83745795
202.800010	-35.64049807
202.900010	47.19399313
203.000010	-36.89237231
203.100010	22.47500780
203.200010	-92.86980021
203.300010	27.64989325
203.400010	57.92312709
203.500010	-81.05473513
203.600010	62.64006228
203.700010	-59.73001476
203.800010	42.25654987
203.900010	-12.20737061
204.000010	-6.16852424
204.100010	34.68905946
204.200010	-72.78699866
204.300010	-80.46149985
204.400010	-23.30534637
204.500010	27.38336019
204.600010	-18.63130280
204.700010	33.35551231
204.800010	18.13101438
204.900010	10.83714722
205.000010	20.53265494
205.100010	31.17778881
205.200010	20.01767117
205.300010	-14.36666973
205.400010	-5.21763617
205.500010	-17.16136856
205.600010	37.28569782
205.700010	-10.24082957
205.800010	-77.19251902
205.900010	49.42038586
206.000010	-66.00011302
206.100010	-31.82408049
206.200010	0.92108197
206.300010	-86.94162236
206.400010	-7.28748505
206.500010	-58.10467918
206.600010	-67.64500689
206.700010	1.78219569
206.800010	-17.61620450
206.900010	-86.64778440
207.000010	4.46160087
207.100010	-36.36522760
207.200010	-48.28343897
207.300010	35.62993643
207.400010	24.45106303
207.500010	36.57303729
207.600010	7.10688047
207.700010	13.87145356
207.800010	-16.39885655
207.900010	66.63148920
208.000010	44.77345121
208.100010	31.87988738
208.200010	28.71449236
208.300010	-12.27910921
208.400010	-6.56469489
208.500010	-45.68922155
208.600010	-47.77455537
208.700010	-39.77758135
208.800010	-55.11064527
208.900010	0.15780992
209.000010	-82.56966743
209.100010	20.10274480
209.200010	18.59261788
209.300010	64.63623775
209.400010	26.27487247
209.500010	67.38248607
209.600010	16.48955455
209.700010	4.59140289
209.800010	-19.91937030
209.900010	42.16246901
210.000010	17.62646751
210.100010	-31.91456496
210.200010	-5.21400642
210.300010	8.37017604
210.400010	74.77225329
210.500010	-63.25033648
210.600010	46.08919854
210.700010	-5.96679829
210.800010	99.01810322
210.900010	-37.47037833
211.000010	-116.89169033
211.100010	-77.69635373
211.200010	7.46020527
211.300010	-62.27517773
211.400010	0.67958052
211.500010	27.65451137
211.600010	88.00619155
211.700010	60.72531970
211.800010	-16.37654472
211.900010	14.77636790
212.000010	20.38419470
212.100010	-44.34227595
212.200010	49.59479058
212.300010	3.09475842
212.400010	-47.29471725
212.500010	18.16168308
212.600010	-63.63066968
212.700010	72.40060525
212.800010	4.25670682
212.900010	62.44044222
213.000010	15.65185599
213.100010	-43.25448218
213.200010	-3.54883313
213.300010	-7.41042400
213.400010	-70.87751381
213.500010	-120.50142522
213.600010	-37.42395061
213.700010	40.92944473
213.800010	-61.20602202
213.900010	40.31477414
214.000010	-78.97608122
214.100010	66.75152531
214.200010	32.83549793
214.300010	-23.57506858
214.400010	20.14033222
214.500010	55.12972046
214.600010	99.83404468
214.700010	70.02097917
214.800010	0.40823306
214.900010	12.82119858
215.000010	-14.39591062
215.100010	-79.60949452
215.200010	-63.46184995
215.300010	16.24492421
215.400010	-24.23892929
215.500010	-30.94968545
215.600010	-20.75242529
215.700010	-17.39415534
215.800010	-1.71565877
215.900010	19.66870578
216.000010	43.82653946
216.100010	34.26846879
216.200010	45.13624663
216.300010	-31.35769782
216.400010	49.91873503
216.500010	12.24412180
216.600010	-69.24256988
216.700010	-102.27680680
216.800010	69.74567977
216.900010	-44.45604804
217.000010	-57.10874578
217.100010	35.37515199
217.200010	90.50028417
217.300010	36.71295556
217.400010	43.06487797
217.500010	-9.94525639
217.600010	-112.52862561
217.700010	0.53329691
217.800010	134.99511677
217.900010	50.84469935
218.000010	70.25980401
218.100010	43.25105581
218.200010	45.99280662
218.300010	-13.26642415
218.400010	-65.16703806
218.500010	8.79533854
218.600010	-1.06071640
218.700010	64.76789021
218.800010	8.49868013
218.900010	-6.15040541
219.000010	19.47713345
219.100010	62.29800341
219.200010	25.64979538
219.300010	22.40516351
219.400010	-15.58123472
219.500010	-7.12319647
219.600010	11.37509492
219.700010	-82.89180916
219.800010	-68.69402890
219.900010	79.85549675
220.000010	0.64796781
220.100010	12.38719413
220.200010	7.75245239
220.300010	9.51286562
220.400010	36.53486082
220.500010	0.23060399
220.600010	30.97526268
220.700010	-17.82297561
220.800010	47.20009140
220.900010	25.41997771
221.000010	-23.63066970
221.100011	-52.33968391
221.200011	74.33449796
221.300011	53.40642290
221.400011	-18.55063841
221.500011	-91.46968399
221.600011	-39.30661284
221.700011	-53.41715375
221.800011	-114.09635737
221.900011	20.35120027
222.000011	59.83165732
222.100011	10.19485934
