# F(k,t) correlation function
# Reference time: 1800.142 ps
# lag_time_ps	F(k,t)
0.000000	627.35192955
0.100000	54.06073844
0.200000	-29.78209635
0.300000	-14.09625440
0.400000	31.68573661
0.500000	-84.17687867
0.600000	-9.78219835
0.700000	18.28603648
0.800000	56.39024202
0.900000	-48.25989928
1.000000	-22.12760404
1.100000	-82.32317952
1.200000	-18.24531667
1.300000	37.59643236
1.400000	-24.34093753
1.500000	27.14558665
1.600000	-13.48835678
1.700000	-38.37802348
1.800000	-60.40150625
1.900000	-6.53479566
2.000000	40.85872565
2.100000	15.57982312
2.200000	-13.91575275
2.300000	-38.59332554
2.400000	124.86753734
2.500000	-0.27378480
2.600000	126.68855984
2.700000	-90.90805719
2.800000	10.00166187
2.900000	-21.88856139
3.000000	-30.37579072
3.100000	119.39588068
3.200000	35.10078703
3.300000	7.17067367
3.400000	19.11473147
3.500000	109.72521810
3.600000	53.94903682
3.700000	5.84167957
3.800000	-3.78001580
3.900000	-43.15549407
4.000000	42.22505723
4.100000	109.92410335
4.200000	-44.10104354
4.300000	-16.71272673
4.400000	57.44363678
4.500000	-6.98437287
4.600000	72.42480315
4.700000	74.39391856
4.800000	3.09007460
4.900000	70.50045387
5.000000	-0.84794991
5.100000	-78.04937531
5.200000	81.45477955
5.300000	21.71968952
5.400000	58.29192652
5.500000	23.31079777
5.600000	-31.17838592
5.700000	-22.04378996
5.800000	170.20086389
5.900000	60.42423490
6.000000	40.59325636
6.100000	-90.41232139
6.200000	-2.34569682
6.300000	0.73734063
6.400000	33.55495339
6.500000	-13.44128309
6.600000	-65.74034363
6.700000	5.23648273
6.800000	122.18757900
6.900000	79.26852865
7.000000	16.54494010
7.100000	-2.86151837
7.200000	-12.26692453
7.300000	134.89020473
7.400000	5.26720612
7.500000	67.39419020
7.600000	-21.75038766
7.700000	-73.20230972
7.800000	-6.05578047
7.900000	16.92437835
8.000000	-0.34712860
8.100000	59.57790892
8.200000	44.26434743
8.300000	90.65087907
8.400000	-30.73376808
8.500000	76.69932265
8.600000	13.36652644
8.700000	17.07080218
8.800000	17.80685532
8.900000	53.72767054
9.000000	50.56739336
9.100000	-6.96105941
9.200000	-26.91334190
9.300000	-32.17131788
9.400000	28.08863202
9.500000	-79.49997245
9.600000	-49.19477516
9.700000	-3.70859354
9.800000	31.66209326
9.900000	28.42682074
10.000000	16.32174463
10.100000	-4.54121446
10.200000	-48.96736482
10.300000	-18.30983449
10.400000	-163.94802429
10.500000	-75.68093057
10.600001	-40.05868385
10.700001	-48.10243192
10.800001	87.65699270
10.900001	83.20980802
11.000001	-100.92057228
11.100001	-39.31039934
11.200001	73.04451566
11.300001	-41.57654679
11.400001	42.78681828
11.500001	108.68765716
11.600001	37.79783367
11.700001	-48.74791253
11.800001	-29.49414832
11.900001	25.66706552
12.000001	25.36113883
12.100001	40.60579782
12.200001	45.15369306
12.300001	-37.77522553
12.400001	-44.54973940
12.500001	115.54503832
12.600001	70.54919653
12.700001	15.65388752
12.800001	-53.04461794
12.900001	72.24095082
13.000001	-66.10145217
13.100001	-53.14626632
13.200001	-37.18073571
13.300001	62.01400065
13.400001	74.27189875
13.500001	-16.87003840
13.600001	28.72197797
13.700001	30.11719124
13.800001	-3.26914310
13.900001	34.23478510
14.000001	31.04300523
14.100001	-24.25071877
14.200001	-7.66118202
14.300001	96.56667330
14.400001	13.37266407
14.500001	27.55392470
14.600001	16.80504598
14.700001	-22.93926795
14.800001	-122.30517492
14.900001	15.26384525
15.000001	34.44194039
15.100001	25.20552558
15.200001	-11.71310067
15.300001	-16.37477167
15.400001	-39.42724192
15.500001	-11.61585061
15.600001	29.36425508
15.700001	-13.33351265
15.800001	56.67893803
15.900001	153.81666490
16.000001	82.91575419
16.100001	188.33838036
16.200001	-36.60877106
16.300001	3.20123635
16.400001	99.76111226
16.500001	-70.27377490
16.600001	21.32485196
16.700001	-7.52270625
16.800001	12.23187750
16.900001	-12.88691727
17.000001	47.33572706
17.100001	56.66954086
17.200001	47.21989845
17.300001	90.75855579
17.400001	54.91713413
17.500001	-20.36709821
17.600001	-78.80008390
17.700001	-37.97849691
17.800001	132.43129739
17.900001	20.35291369
18.000001	8.25768278
18.100001	-11.15944701
18.200001	-30.92913825
18.300001	-25.36575202
18.400001	-51.61005423
18.500001	21.47720425
18.600001	75.78693867
18.700001	58.87821163
18.800001	-38.48353672
18.900001	-27.96932020
19.000001	26.35151521
19.100001	26.29192656
19.200001	78.19397491
19.300001	63.24501539
19.400001	-50.14903926
19.500001	-142.26994463
19.600001	-23.34215820
19.700001	1.18179322
19.800001	-3.00798040
19.900001	121.00489921
20.000001	38.19976702
20.100001	-85.39340245
20.200001	14.32381674
20.300001	-11.87129182
20.400001	-25.49142366
20.500001	-18.96880559
20.600001	10.20528092
20.700001	48.37520316
20.800001	-46.48132276
20.900001	-44.92729947
21.000001	54.32971451
21.100001	-3.54058409
21.200001	-24.03270498
21.300001	114.87091772
21.400001	86.32937573
21.500001	-56.36738059
21.600001	-15.82613352
21.700001	-5.61977218
21.800001	38.14460788
21.900001	61.31439845
22.000001	-17.30075926
22.100001	-18.02596682
22.200001	16.60738029
22.300001	79.91049921
22.400001	-22.12126474
22.500001	86.58022631
22.600001	102.37663464
22.700001	-7.48836008
22.800001	79.41734508
22.900001	34.44886979
23.000001	-8.64120737
23.100001	49.75544701
23.200001	3.70126340
23.300001	-15.86305612
23.400001	60.17848615
23.500001	26.68815050
23.600001	65.28374289
23.700001	46.91548118
23.800001	-55.08556595
23.900001	-48.65399139
24.000001	-15.45895740
24.100001	-35.41839792
24.200001	-74.35169068
24.300001	3.41031703
24.400001	35.83604327
24.500001	-13.87897614
24.600001	6.50455674
24.700001	-14.24415911
24.800001	56.40032248
24.900001	17.51911066
25.000001	-107.16410762
25.100001	-87.66567128
25.200001	-11.46475417
25.300001	-38.86091997
25.400001	-1.19740419
25.500001	68.30021158
25.600001	-38.73508587
25.700001	-126.19531388
25.800001	-61.62488096
25.900001	-100.48063660
26.000001	-99.24322961
26.100001	-57.55685622
26.200001	0.24045595
26.300001	23.02122105
26.400001	36.74927422
26.500001	25.64516798
26.600001	-21.33135840
26.700001	62.02023607
26.800001	-8.35868609
26.900001	41.83436351
27.000001	27.18406723
27.100001	-21.08416383
27.200001	-60.31776136
27.300001	-30.77372135
27.400001	83.32130031
27.500001	-71.23309041
27.600001	-41.20162706
27.700001	-31.76473483
27.800001	-43.75834153
27.900001	20.04677636
28.000001	83.66453989
28.100001	-10.90771092
28.200001	-75.26002893
28.300001	-25.40063759
28.400001	-21.06558876
28.500001	-70.94714285
28.600001	-4.84019557
28.700001	18.90324815
28.800001	92.34996125
28.900001	-21.84830529
29.000001	7.62054393
29.100001	-22.70167825
29.200001	90.54326546
29.300001	-10.42069723
29.400001	80.89495689
29.500001	-23.98998753
29.600001	-6.88164317
29.700001	-71.47652153
29.800001	-24.61645560
29.900001	-68.03253339
30.000001	-45.16183606
30.100001	60.77535655
30.200001	7.26121810
30.300001	19.84699975
30.400001	-17.92239427
30.500001	-80.40700091
30.600001	65.92190090
30.700001	-13.77756110
30.800001	43.93136350
30.900001	6.83210001
31.000001	61.26481460
31.100001	-74.44583247
31.200001	-38.29425295
31.300001	-10.75613741
31.400001	-83.62381097
31.500001	59.16731943
31.600002	37.46895329
31.700002	-7.30525592
31.800002	65.45477743
31.900002	49.66517139
32.000002	-1.35298425
32.100002	-31.54174972
32.200002	-43.91995889
32.300002	-104.77460435
32.400002	-43.10101991
32.500002	83.47837030
32.600002	62.89738127
32.700002	147.27687194
32.800002	74.33659770
32.900002	-66.39796068
33.000002	54.29613570
33.100002	25.83629680
33.200002	47.56006230
33.300002	-73.86301588
33.400002	-66.89286034
33.500002	24.30180643
33.600002	33.03401334
33.700002	-21.86226124
33.800002	-12.39703404
33.900002	-0.55711944
34.000002	33.00507165
34.100002	14.04647033
34.200002	-43.47992242
34.300002	76.17270212
34.400002	0.16308420
34.500002	-101.19650975
34.600002	27.87946875
34.700002	-40.86465157
34.800002	23.93953857
34.900002	-10.81239031
35.000002	-60.26956913
35.100002	-19.43278195
35.200002	93.75390963
35.300002	-53.27448260
35.400002	-17.40292783
35.500002	94.42471549
35.600002	124.33750688
35.700002	13.31596578
35.800002	66.61923562
35.900002	-42.33012754
36.000002	75.49307129
36.100002	10.22037616
36.200002	33.35848026
36.300002	-43.83948074
36.400002	22.92942713
36.500002	77.99246862
36.600002	-37.82280682
36.700002	13.07705379
36.800002	132.30311641
36.900002	22.46111972
37.000002	8.86943119
37.100002	37.31149199
37.200002	14.28454842
37.300002	58.93100130
37.400002	0.57526828
37.500002	95.39512470
37.600002	-66.59756145
37.700002	76.79207942
37.800002	43.37944558
37.900002	22.53226938
38.000002	71.11919777
38.100002	42.55708764
38.200002	27.43992890
38.300002	94.37676589
38.400002	43.76356806
38.500002	154.79040062
38.600002	-47.46176584
38.700002	30.93323075
38.800002	82.76513857
38.900002	9.91121123
39.000002	4.90288923
39.100002	-22.53272265
39.200002	-67.39061832
39.300002	-75.73455552
39.400002	-26.57927684
39.500002	-70.32282628
39.600002	3.71101203
39.700002	57.51733830
39.800002	-71.48521879
39.900002	82.17518920
40.000002	6.17776741
40.100002	37.55158406
40.200002	47.10522023
40.300002	-3.65587102
40.400002	13.08523158
40.500002	-62.08764853
40.600002	88.31277109
40.700002	13.66476742
40.800002	63.12005026
40.900002	76.24180397
41.000002	9.66156581
41.100002	-60.08524668
41.200002	-89.33107522
41.300002	53.14873674
41.400002	-51.33003026
41.500002	26.42095933
41.600002	36.65343386
41.700002	-70.76758551
41.800002	-58.87371098
41.900002	-33.58398795
42.000002	1.27294441
42.100002	33.25758429
42.200002	-54.55882386
42.300002	3.17652579
42.400002	-46.92256413
42.500002	10.78810040
42.600002	52.44313808
42.700002	-30.44226986
42.800002	17.48560091
42.900002	-52.57019065
43.000002	-63.43533973
43.100002	33.93164966
43.200002	13.93761522
43.300002	-3.04300442
43.400002	-30.02482859
43.500002	-3.30891973
43.600002	1.74388117
43.700002	14.24499405
43.800002	50.74059929
43.900002	-13.83608883
44.000002	-60.55256532
44.100002	-21.80355300
44.200002	31.53046738
44.300002	-46.20611814
44.400002	10.16821878
44.500002	-48.84070953
44.600002	-45.18284105
44.700002	-10.83299212
44.800002	-27.93438281
44.900002	-20.45055983
45.000002	14.94681693
45.100002	-57.35952294
45.200002	-18.90986343
45.300002	-64.38100458
45.400002	3.28492273
45.500002	48.11819915
45.600002	-4.11573906
45.700002	73.47228111
45.800002	23.18673773
45.900002	128.11596856
46.000002	52.19696551
46.100002	74.37519322
46.200002	-75.76028582
46.300002	-24.20904417
46.400002	-22.82792500
46.500002	11.71725633
46.600002	-35.09541676
46.700002	-81.99664362
46.800002	-21.52576656
46.900002	-3.57786773
47.000002	10.25033682
47.100002	41.45770314
47.200002	-53.81369200
47.300002	-81.02909425
47.400002	-96.55726912
47.500002	31.04670050
47.600002	92.77305442
47.700002	-43.19519258
47.800002	-38.88817306
47.900002	-28.86668856
48.000002	-104.23255968
48.100002	-2.05818156
48.200002	-42.10437006
48.300002	26.22033454
48.400002	49.19017922
48.500002	-39.34304654
48.600002	-74.10537603
48.700002	4.59396820
48.800002	3.96767515
48.900002	-27.17646242
49.000002	75.68149386
49.100002	3.91390191
49.200002	-85.16194392
49.300002	-23.89064264
49.400002	-19.11663556
49.500002	23.24582332
49.600002	49.23188514
49.700002	31.00341914
49.800002	92.06469987
49.900002	89.09509862
50.000002	-30.51129379
50.100002	24.05967386
50.200002	-22.84644522
50.300002	36.12782499
50.400002	9.59464660
50.500002	59.33594849
50.600002	32.85544643
50.700002	131.01528146
50.800002	20.06273189
50.900002	2.91638697
51.000002	-95.03440092
51.100002	-96.83265439
51.200002	-0.20331536
51.300002	-67.39815064
51.400002	51.61193057
51.500002	-143.24638987
51.600002	32.97612049
51.700002	-38.38521121
51.800002	-58.59462561
51.900002	69.24386317
52.000002	114.27386115
52.100002	-37.25611601
52.200002	61.13141587
52.300002	-73.70722859
52.400002	-9.76167368
52.500002	-10.06478509
52.600002	3.20550368
52.700003	27.33917226
52.800003	-21.35249090
52.900003	-21.44345918
53.000003	80.26844680
53.100003	-48.32635312
53.200003	-21.50211352
53.300003	10.69146915
53.400003	34.53998245
53.500003	-42.92722871
53.600003	-59.12052417
53.700003	22.59837568
53.800003	-10.83283102
53.900003	-15.78935563
54.000003	15.43910837
54.100003	-42.25481950
54.200003	-65.53328032
54.300003	8.38902698
54.400003	1.38956461
54.500003	-79.69519455
54.600003	12.92151996
54.700003	73.85013376
54.800003	-5.18768569
54.900003	-51.30787632
55.000003	96.10652561
55.100003	-9.43403210
55.200003	-41.09496345
55.300003	-28.61916201
55.400003	2.91780848
55.500003	13.40616998
55.600003	40.04173181
55.700003	16.64221459
55.800003	42.84747244
55.900003	-44.99108044
56.000003	14.21199409
56.100003	33.74364081
56.200003	-33.30608977
56.300003	-144.84934295
56.400003	-30.11113560
56.500003	-4.18088157
56.600003	71.84497965
56.700003	-106.83928326
56.800003	31.83673763
56.900003	-84.81210058
57.000003	-3.54675245
57.100003	-28.77532903
57.200003	36.99290965
57.300003	-34.03663979
57.400003	51.23230227
57.500003	28.80008966
57.600003	-31.97969672
57.700003	-94.65993865
57.800003	-125.97425441
57.900003	19.84220397
58.000003	40.37065021
58.100003	55.43015816
58.200003	23.38015031
58.300003	-31.55154618
58.400003	-31.98182448
58.500003	-58.35487844
58.600003	-29.84574802
58.700003	62.58736731
58.800003	-1.15599427
58.900003	-2.16134999
59.000003	41.58597516
59.100003	-0.78921955
59.200003	85.26675086
59.300003	44.30932479
59.400003	-26.29331457
59.500003	10.81503766
59.600003	60.80926484
59.700003	-39.40629473
59.800003	-22.65340795
59.900003	2.76406682
60.000003	-31.45548973
60.100003	90.56508793
60.200003	-14.99643392
60.300003	87.35929123
60.400003	9.40814715
60.500003	27.76626160
60.600003	-36.55556568
60.700003	-36.23888033
60.800003	20.11834603
60.900003	44.26397851
61.000003	14.50160493
61.100003	-18.10995460
61.200003	-9.63924214
61.300003	-2.21807562
61.400003	-19.02991865
61.500003	-46.86598770
61.600003	22.46122815
61.700003	65.78758264
61.800003	-28.08130732
61.900003	-83.87085328
62.000003	-24.50463812
62.100003	-17.81823465
62.200003	-106.47417329
62.300003	-21.48213706
62.400003	-27.96439962
62.500003	-45.15254859
62.600003	-25.31513373
62.700003	-23.06065388
62.800003	18.40692211
62.900003	-38.80063619
63.000003	30.13972109
63.100003	8.43455970
63.200003	43.99888068
63.300003	-48.35156448
63.400003	19.86510939
63.500003	-14.93714217
63.600003	67.44393553
63.700003	-21.92505802
63.800003	-13.37686405
63.900003	60.57357798
64.000003	21.44553247
64.100003	39.13180339
64.200003	64.20670002
64.300003	27.25631490
64.400003	-78.20365908
64.500003	79.64792658
64.600003	67.02948994
64.700003	120.32060349
64.800003	90.76244576
64.900003	-7.71527760
65.000003	95.30188379
65.100003	53.23204670
65.200003	-12.04003941
65.300003	-7.99950152
65.400003	-7.52365002
65.500003	-116.41291475
65.600003	-27.46882028
65.700003	46.02364829
65.800003	-64.89364612
65.900003	-60.57257285
66.000003	70.03184250
66.100003	68.99794161
66.200003	33.45553379
66.300003	-5.53672028
66.400003	17.53495450
66.500003	48.33209322
66.600003	-106.32116504
66.700003	-97.75819977
66.800003	-8.21828229
66.900003	39.46328659
67.000003	62.30327406
67.100003	15.92322107
67.200003	-71.24253076
67.300003	80.86791708
67.400003	-36.64611452
67.500003	38.53714080
67.600003	6.62296727
67.700003	22.39219176
67.800003	-18.89070413
67.900003	2.10535994
68.000003	-11.60842985
68.100003	-4.46293097
68.200003	76.63157134
68.300003	-56.34164756
68.400003	-29.19189464
68.500003	21.87381994
68.600003	95.55579122
68.700003	22.12189621
68.800003	-20.91994725
68.900003	56.84151484
69.000003	120.48201760
69.100003	-11.83681182
69.200003	-55.82960170
69.300003	-69.55076087
69.400003	42.18373161
69.500003	71.02239122
69.600003	101.10596985
69.700003	-11.01612149
69.800003	105.88747924
69.900003	25.54690682
70.000003	13.09558293
70.100003	-51.25169986
70.200003	-8.79076659
70.300003	-39.18351001
70.400003	-31.76119121
70.500003	131.64758503
70.600003	47.03119915
70.700003	1.49679548
70.800003	-65.80592446
70.900003	107.63523030
71.000003	91.56948406
71.100003	59.71346110
71.200003	-32.42012572
71.300003	-49.53730286
71.400003	13.87048438
71.500003	-88.98596566
71.600003	44.73406196
71.700003	-30.08264121
71.800003	7.95178563
71.900003	-94.29519198
72.000003	-28.09274084
72.100003	71.18047661
72.200003	-28.56971542
72.300003	37.01614768
72.400003	-44.43381860
72.500003	-9.30891444
72.600003	69.35943877
72.700003	-68.21676999
72.800003	11.86736230
72.900003	-75.48479341
73.000003	-38.18092375
73.100003	3.00807753
73.200003	75.60797410
73.300003	16.07204533
73.400003	-46.48003330
73.500003	-20.76557805
73.600003	8.55517031
73.700004	14.51308258
73.800004	-94.16463299
73.900004	-87.42305060
74.000004	-55.37474758
74.100004	-0.39760067
74.200004	-4.77395605
74.300004	7.99495943
74.400004	-1.32027094
74.500004	-70.21614283
74.600004	20.44405801
74.700004	-51.56225789
74.800004	11.71293484
74.900004	-64.72592569
75.000004	31.06898905
75.100004	-6.49580939
75.200004	-43.08707317
75.300004	21.68453406
75.400004	23.26990739
75.500004	28.67587614
75.600004	-78.39074632
75.700004	60.39499534
75.800004	30.96590401
75.900004	-42.92459018
76.000004	47.97221065
76.100004	-30.70561853
76.200004	103.70300864
76.300004	-31.63029447
76.400004	-7.89756574
76.500004	-22.40990729
76.600004	-87.14564251
76.700004	-51.40413539
76.800004	35.03469833
76.900004	-12.22082680
77.000004	2.42692243
77.100004	6.18136074
77.200004	-58.47361118
77.300004	20.06564433
77.400004	-126.25341026
77.500004	44.03112653
77.600004	72.78990336
77.700004	33.53604269
77.800004	5.70525844
77.900004	100.82396767
78.000004	74.82959450
78.100004	14.04599347
78.200004	-27.07355283
78.300004	9.97768292
78.400004	17.18294425
78.500004	-3.87525075
78.600004	26.06125002
78.700004	15.60279789
78.800004	-33.06951412
78.900004	13.46832245
79.000004	8.81286702
79.100004	4.36698482
79.200004	2.15717769
79.300004	-27.72681952
79.400004	-80.48389167
79.500004	34.69768957
79.600004	-45.77564723
79.700004	78.95597144
79.800004	10.87651713
79.900004	-54.39939505
80.000004	-16.33997482
80.100004	21.44671302
80.200004	33.50576429
80.300004	130.13435574
80.400004	-16.24223419
80.500004	-28.97593347
80.600004	-31.87832357
80.700004	-83.06968715
80.800004	39.86708457
80.900004	-37.59767798
81.000004	-109.63538800
81.100004	-59.19517702
81.200004	-81.48291922
81.300004	-13.69407853
81.400004	-102.73273733
81.500004	-65.25578050
81.600004	-38.59664162
81.700004	50.03659503
81.800004	51.13251587
81.900004	65.56866149
82.000004	-79.81298658
82.100004	-1.27978501
82.200004	-17.42442246
82.300004	13.68598523
82.400004	77.02219005
82.500004	-62.95267663
82.600004	-21.75491991
82.700004	-63.27641247
82.800004	-47.92174944
82.900004	-30.79807901
83.000004	-104.54689143
83.100004	-1.19158379
83.200004	-32.20152290
83.300004	35.90352982
83.400004	-24.53522392
83.500004	58.27129233
83.600004	-24.23407340
83.700004	32.05604106
83.800004	-89.17383220
83.900004	-60.99896319
84.000004	1.91327771
84.100004	-1.60352021
84.200004	17.26368388
84.300004	33.15753015
84.400004	-32.71855735
84.500004	-70.92457501
84.600004	8.03487690
84.700004	53.85175765
84.800004	23.80987623
84.900004	-89.77010451
85.000004	1.22324108
85.100004	19.92352941
85.200004	-55.06772143
85.300004	146.09721790
85.400004	47.55202346
85.500004	4.12197876
85.600004	-0.90800046
85.700004	-21.94981196
85.800004	-48.17120728
85.900004	26.16071772
86.000004	-28.28904948
86.100004	91.75768463
86.200004	-33.10185822
86.300004	77.05327506
86.400004	10.91941679
86.500004	68.63582322
86.600004	18.75262692
86.700004	-30.07958219
86.800004	-29.16713121
86.900004	33.69741976
87.000004	-124.90145119
87.100004	-159.37031652
87.200004	37.87750599
87.300004	8.34482053
87.400004	26.30579023
87.500004	-41.30621444
87.600004	-61.87462465
87.700004	-38.48064485
87.800004	-101.46967704
87.900004	-54.89876661
88.000004	-143.84894816
88.100004	-69.60492754
88.200004	-0.70819251
88.300004	-35.38872708
88.400004	28.69624211
88.500004	-77.76639034
88.600004	-0.57250311
88.700004	73.56983043
88.800004	38.52812728
88.900004	76.83622096
89.000004	-81.23346817
89.100004	0.41144885
89.200004	5.38149649
89.300004	63.84247312
89.400004	0.20758351
89.500004	34.94332212
89.600004	-3.61023816
89.700004	-102.37784587
89.800004	-22.92028822
89.900004	-20.87292287
90.000004	76.22823964
90.100004	36.06538481
90.200004	-96.48750984
90.300004	-115.57824388
90.400004	38.00081168
90.500004	48.46909501
90.600004	87.53374062
90.700004	-49.66598583
90.800004	70.96172843
90.900004	63.13979934
91.000004	-38.57026708
91.100004	-68.45470883
91.200004	37.39918351
91.300004	-25.67445571
91.400004	-12.40269548
91.500004	-70.10164048
91.600004	-12.89801340
91.700004	80.40682636
91.800004	65.09635194
91.900004	-15.15064786
92.000004	-15.12967355
92.100004	-35.25524183
92.200004	-23.88298942
92.300004	-30.75673506
92.400004	-88.44802285
92.500004	12.11981926
92.600004	16.47823396
92.700004	10.05855334
92.800004	0.42944380
92.900004	-6.08712029
93.000004	-38.58847595
93.100004	-69.64123603
93.200004	-5.29731737
93.300004	98.99641397
93.400004	2.26181964
93.500004	-3.86395012
93.600004	29.12719199
93.700004	-76.13055139
93.800004	-3.54529313
93.900004	14.55946942
94.000004	-107.02728551
94.100004	-87.71497428
94.200004	-45.31137932
94.300004	-26.93895076
94.400004	-43.77510781
94.500004	-98.29138348
94.600004	-10.60821638
94.700004	91.31832300
94.800005	-127.74393743
94.900005	32.72854491
95.000005	38.65722997
95.100005	-97.77473403
95.200005	2.94112599
95.300005	81.90315536
95.400005	-59.69677334
95.500005	6.92636707
95.600005	36.73885263
95.700005	-27.10769367
95.800005	-35.16300341
95.900005	-61.25364520
96.000005	-107.50565474
96.100005	-27.90189267
96.200005	79.52138350
96.300005	-35.98917428
96.400005	-7.00985147
96.500005	47.41365933
96.600005	74.96043879
96.700005	1.15391972
96.800005	9.81520347
96.900005	54.74759988
97.000005	37.79627953
97.100005	3.93985542
97.200005	-1.60140796
97.300005	31.89440317
97.400005	92.94198474
97.500005	-23.14785759
97.600005	-4.73320016
97.700005	-3.59835375
97.800005	-38.85339631
97.900005	-115.02375584
98.000005	55.64214613
98.100005	93.18069181
98.200005	42.43821402
98.300005	40.64228004
98.400005	-31.31350973
98.500005	36.86640858
98.600005	43.23226492
98.700005	-54.81308507
98.800005	-28.11311296
98.900005	-96.69030531
99.000005	-42.03834258
99.100005	-25.46426992
99.200005	-104.69379785
99.300005	-93.86956078
99.400005	26.21318918
99.500005	12.06005061
99.600005	-27.34504555
99.700005	-41.04246677
99.800005	37.29266356
99.900005	-46.00274934
100.000005	31.24803024
100.100005	-11.74031685
100.200005	-26.66320858
100.300005	24.34117252
100.400005	-94.33233386
100.500005	-72.56450524
100.600005	68.94409157
100.700005	-21.62975883
100.800005	104.90641772
100.900005	172.62619094
101.000005	31.68300959
101.100005	60.17860583
101.200005	-6.90200931
101.300005	-55.56725391
101.400005	-44.30045253
101.500005	55.38207006
101.600005	46.65336992
101.700005	-177.19847795
101.800005	39.44061976
101.900005	-12.25923267
102.000005	19.03683773
102.100005	-137.89227505
102.200005	14.78149990
102.300005	-45.75515488
102.400005	-23.70213374
102.500005	-5.89301899
102.600005	55.07298424
102.700005	6.58259420
102.800005	-4.49406509
102.900005	-62.50731581
103.000005	-92.96422855
103.100005	-81.42848293
103.200005	69.73428343
103.300005	-63.98046776
103.400005	-52.77240833
103.500005	8.63237743
103.600005	-141.91820703
103.700005	-35.52956047
103.800005	-24.81965224
103.900005	-95.11063986
104.000005	-61.48250169
104.100005	-22.95424550
104.200005	-83.33096448
104.300005	-86.43895015
104.400005	167.49539986
104.500005	-39.81992203
104.600005	22.61065958
104.700005	-29.24546938
104.800005	28.73290770
104.900005	-2.10588689
105.000005	-40.39789922
105.100005	49.97721702
105.200005	-32.07727002
105.300005	-11.05810990
105.400005	71.05279669
105.500005	-43.12746617
105.600005	64.77818243
105.700005	-15.10381949
105.800005	47.43804401
105.900005	22.11183531
106.000005	-32.23168257
106.100005	-80.87415121
106.200005	-58.89443014
106.300005	-6.14405744
106.400005	-9.27888698
106.500005	33.77873083
106.600005	-43.22209120
106.700005	2.33616267
106.800005	32.25322919
106.900005	-16.66494505
107.000005	41.94774355
107.100005	-63.71483011
107.200005	-43.82802317
107.300005	70.46138751
107.400005	9.05130487
107.500005	90.53106554
107.600005	-128.33655173
107.700005	46.71072893
107.800005	-16.95289164
107.900005	-78.35322585
108.000005	-23.36163907
108.100005	-67.06280148
108.200005	58.19144226
108.300005	13.28586009
108.400005	-1.58661645
108.500005	-14.16449306
108.600005	17.51510598
108.700005	90.58798020
108.800005	15.32371373
108.900005	-4.99818468
109.000005	-38.48139152
109.100005	-3.53419868
109.200005	-27.62783792
109.300005	-41.99639160
109.400005	-51.09542580
109.500005	106.54879165
109.600005	16.88364504
109.700005	0.91130325
109.800005	-112.87685820
109.900005	-40.45441301
110.000005	6.56877942
110.100005	43.18147547
110.200005	43.37226399
110.300005	0.45247694
110.400005	-28.35483009
110.500005	-15.69994750
110.600005	25.18656353
110.700005	118.71845795
110.800005	-87.97490480
110.900005	-100.74929490
111.000005	27.25065626
111.100005	14.19222592
111.200005	-50.13100739
111.300005	-21.05973962
111.400005	73.20290201
111.500005	-4.42868376
111.600005	-53.80820524
111.700005	-19.29087795
111.800005	23.71503721
111.900005	135.36091538
112.000005	80.13636935
112.100005	-32.19718901
112.200005	31.95742276
112.300005	-25.92897115
112.400005	28.93831774
112.500005	125.04051840
112.600005	-52.10489462
112.700005	51.07680374
112.800005	-104.82165033
112.900005	-50.99598990
113.000005	-5.55006665
113.100005	44.59905236
113.200005	22.86399841
113.300005	97.96499789
113.400005	-30.57837630
113.500005	99.77163426
113.600005	-3.41397565
113.700005	6.65974281
113.800005	-68.03158608
113.900005	6.88627927
114.000005	4.03353422
114.100005	50.95514133
114.200005	48.45264740
114.300005	65.12979649
114.400005	4.45205154
114.500005	19.28532154
114.600005	-1.92553429
114.700005	-142.57667511
114.800005	-24.39303718
114.900005	11.47759959
115.000005	-15.61892046
115.100005	-34.48231177
115.200005	4.40290739
115.300005	36.56944427
115.400005	-43.54296366
115.500005	16.64115820
115.600005	-62.79719023
115.700005	-22.22171118
115.800006	6.25293878
115.900006	-51.29577531
116.000006	14.39050937
116.100006	-83.68761423
116.200006	19.56684770
116.300006	13.92939709
116.400006	72.09370922
116.500006	74.84222748
116.600006	-10.33077767
116.700006	80.66955987
116.800006	15.51274709
116.900006	14.67543963
117.000006	-94.71425816
117.100006	-10.46443859
117.200006	40.35182401
117.300006	89.14736990
117.400006	-24.69933543
117.500006	-72.39720864
117.600006	-51.55869026
117.700006	-137.99987980
117.800006	52.43990334
117.900006	17.47722007
118.000006	-42.28161045
118.100006	30.52544855
118.200006	-49.86023632
118.300006	-65.99008013
118.400006	-4.67450444
118.500006	6.70766043
118.600006	-130.01212616
118.700006	112.89216866
118.800006	-56.88865272
118.900006	-27.49061030
119.000006	-13.30129646
119.100006	18.65073059
119.200006	28.05025535
119.300006	-25.79883361
119.400006	-8.62981919
119.500006	-23.22379950
119.600006	51.36429358
119.700006	-31.86782952
119.800006	-48.47807427
119.900006	-75.75274591
120.000006	45.58836651
120.100006	-75.19141683
120.200006	24.26215311
120.300006	-38.26424629
120.400006	66.88576277
120.500006	11.19556664
120.600006	-36.78328654
120.700006	145.41838004
120.800006	53.65967003
120.900006	-44.60800497
121.000006	44.29877779
121.100006	49.49722874
121.200006	-31.82688115
121.300006	-45.29988723
121.400006	-38.14303342
121.500006	52.74866932
121.600006	44.84111509
121.700006	-16.21231461
121.800006	-69.15758363
121.900006	20.86359176
122.000006	89.78581771
122.100006	37.37930879
122.200006	36.48820690
122.300006	-21.53310859
122.400006	-28.04921291
122.500006	46.52775494
122.600006	1.01633622
122.700006	70.73426235
122.800006	-5.19738309
122.900006	21.29761963
123.000006	93.42050353
123.100006	4.85121707
123.200006	9.73363111
123.300006	5.53542373
123.400006	85.78796998
123.500006	-29.63766386
123.600006	24.69907748
123.700006	20.29008152
123.800006	69.22573857
123.900006	-3.59009853
124.000006	64.28641690
124.100006	-98.63261782
124.200006	-102.56312930
124.300006	-24.24351440
124.400006	-63.00294586
124.500006	-51.96797160
124.600006	-106.11003956
124.700006	64.55485585
124.800006	-24.97571437
124.900006	6.09723678
125.000006	-110.71411506
125.100006	-59.07462297
125.200006	-51.17524560
125.300006	25.40273611
125.400006	-44.71726121
125.500006	-84.27396453
125.600006	-39.89326496
125.700006	-24.77271774
125.800006	66.79695757
125.900006	-2.33453802
126.000006	7.74408491
126.100006	15.58577316
126.200006	17.98469224
126.300006	-50.94928007
126.400006	22.36858092
126.500006	13.76491979
126.600006	-16.11666853
126.700006	74.13933238
126.800006	-25.34973785
126.900006	86.92551209
127.000006	-10.87805030
127.100006	106.62394510
127.200006	-96.85135070
127.300006	-34.94339949
127.400006	36.39208070
127.500006	-138.18239608
127.600006	-51.68480894
127.700006	-51.58127303
127.800006	-67.16891025
127.900006	-25.35821884
128.000006	43.22096441
128.100006	-65.44984644
128.200006	-15.03092057
128.300006	-74.56310960
128.400006	35.59252764
128.500006	36.69542004
128.600006	118.00870900
128.700006	80.16217562
128.800006	-9.04072506
128.900006	-10.36873701
129.000006	-34.57083452
129.100006	-22.14603386
129.200006	15.01108428
129.300006	112.09629861
129.400006	-1.44617923
129.500006	-104.35664923
129.600006	-21.82959494
129.700006	-13.34226803
129.800006	63.48801591
129.900006	50.53192692
130.000006	46.99374861
130.100006	-10.15417710
130.200006	-71.70445049
130.300006	-91.55452194
130.400006	49.58120126
130.500006	-62.60655416
130.600006	-22.16060542
130.700006	-15.18531477
130.800006	26.56270717
130.900006	-118.33574941
131.000006	-22.76341102
131.100006	-66.58511162
131.200006	45.15281501
131.300006	51.01817111
131.400006	-78.59091769
131.500006	-71.73834166
131.600006	-2.18877319
131.700006	-11.36813629
131.800006	-22.92767768
131.900006	107.71448393
132.000006	-15.18652906
132.100006	-102.08064667
132.200006	-44.39206292
132.300006	-32.08971660
132.400006	50.77624592
132.500006	-25.39225665
132.600006	-39.24631726
132.700006	106.53836230
132.800006	56.78028738
132.900006	17.52893613
133.000006	36.58132464
133.100006	30.60371239
133.200006	69.11524809
133.300006	83.54373216
133.400006	-115.94889304
133.500006	-72.05568946
133.600006	-16.63843790
133.700006	-12.90117078
133.800006	34.10024406
133.900006	-4.32432303
134.000006	129.66762279
134.100006	75.29914113
134.200006	30.31308205
134.300006	-67.77776638
134.400006	63.84490944
134.500006	32.24737752
134.600006	-55.41372277
134.700006	86.13360566
134.800006	44.29807378
134.900006	-20.79144880
135.000006	39.33961663
135.100006	-72.88422169
135.200006	-3.94326212
135.300006	-75.97100147
135.400006	-13.96892206
135.500006	-3.21256632
135.600006	103.84251275
135.700006	42.73842464
135.800006	-7.48482948
135.900006	-5.61979828
136.000006	64.15253017
136.100006	-45.71207579
136.200006	33.19204626
136.300006	6.93310515
136.400006	103.18188911
136.500006	41.00840164
136.600006	49.60027882
136.700006	-72.55188840
136.800006	16.24432965
136.900007	8.23697891
137.000007	32.50035837
137.100007	-20.78431583
137.200007	27.58243592
137.300007	-6.77147777
137.400007	-30.39561794
137.500007	-64.35217063
137.600007	0.07436823
137.700007	117.04734976
137.800007	91.82380510
137.900007	4.62170039
138.000007	68.91076317
138.100007	15.09204416
138.200007	85.80052819
138.300007	20.60407915
138.400007	41.04628454
138.500007	-21.99254266
138.600007	-58.36659062
138.700007	81.50549302
138.800007	40.76069729
138.900007	-2.28637420
139.000007	-28.50901887
139.100007	-46.70646827
139.200007	-42.17611695
139.300007	41.69292854
139.400007	55.27007990
139.500007	62.51919750
139.600007	129.81117976
139.700007	72.65234973
139.800007	-69.26806027
139.900007	-85.84928362
140.000007	-56.10764861
140.100007	-19.06908027
140.200007	52.58926895
140.300007	140.95432551
140.400007	26.45390260
140.500007	-104.37177482
140.600007	-4.82226243
140.700007	3.06227127
140.800007	-33.97655286
140.900007	-51.11705302
141.000007	-25.67668281
141.100007	-72.39120961
141.200007	-93.47156262
141.300007	31.71526219
141.400007	26.55428751
141.500007	1.95370950
141.600007	-7.08563144
141.700007	37.94517611
141.800007	-45.52447811
141.900007	-4.59966780
142.000007	30.69746659
142.100007	-15.30527974
142.200007	14.49286078
142.300007	126.11660131
142.400007	48.28158481
142.500007	-11.50472285
142.600007	-18.84662318
142.700007	-101.69832095
142.800007	8.31636425
142.900007	-3.68350084
143.000007	-55.27127577
143.100007	-0.89062208
143.200007	-24.93929087
143.300007	37.03700072
143.400007	71.53221561
143.500007	-1.02625189
143.600007	44.01709243
143.700007	54.19287321
143.800007	-15.17815747
143.900007	-4.49610144
144.000007	57.60964475
144.100007	-45.60261136
144.200007	-47.76735975
144.300007	63.44473621
144.400007	126.02973967
144.500007	44.35610704
144.600007	-14.82480303
144.700007	-15.99079124
144.800007	35.65234491
144.900007	-1.22324312
145.000007	-56.52611988
145.100007	8.86988139
145.200007	-96.63324850
145.300007	-66.50179532
145.400007	-24.50337560
145.500007	19.65501923
145.600007	-18.78274048
145.700007	111.20125029
145.800007	63.62168912
145.900007	25.10981001
146.000007	17.61506922
146.100007	-67.56894440
146.200007	103.81480209
146.300007	-31.95132472
146.400007	-2.13957857
146.500007	87.20333766
146.600007	47.49802266
146.700007	-40.55403898
146.800007	18.63257259
146.900007	-58.41812760
147.000007	11.24286087
147.100007	46.08396798
147.200007	42.23337982
147.300007	59.39986253
147.400007	-46.74571633
147.500007	-1.34808583
147.600007	-98.67250010
147.700007	-73.15044750
147.800007	-71.72964832
147.900007	-101.08048867
148.000007	-13.55362828
148.100007	28.04228128
148.200007	29.25896802
148.300007	-21.75307907
148.400007	5.33314261
148.500007	-61.00704661
148.600007	-64.10823518
148.700007	-79.32945589
148.800007	-130.33904928
148.900007	-16.11615426
149.000007	62.30049770
149.100007	61.00395175
149.200007	-14.61136430
149.300007	-61.80569730
149.400007	-90.82803283
149.500007	-11.11033542
149.600007	-5.71517384
149.700007	-74.42661600
149.800007	54.32542391
149.900007	20.43696065
150.000007	-27.77554656
150.100007	51.93014637
150.200007	82.78862071
150.300007	-26.58878986
150.400007	11.69787371
150.500007	-6.41672403
150.600007	19.23564577
150.700007	63.36576228
150.800007	8.21135821
150.900007	-50.22104900
151.000007	23.07900355
151.100007	-10.07644587
151.200007	-3.33399443
151.300007	15.54400297
151.400007	84.48417185
151.500007	-25.67167924
151.600007	-8.56158604
151.700007	-6.80452857
151.800007	-41.94163663
151.900007	6.96053171
152.000007	75.03219853
152.100007	42.60073780
152.200007	-17.54877920
152.300007	37.13372503
152.400007	-188.52030796
152.500007	-11.04982311
152.600007	-43.25127841
152.700007	-41.89418694
152.800007	-60.27018820
152.900007	26.23699634
153.000007	-1.42707374
153.100007	-27.23193524
153.200007	-99.87119151
153.300007	-50.07419994
153.400007	-38.02326769
153.500007	54.24319499
153.600007	-5.96235220
153.700007	19.49613916
153.800007	-7.10877245
153.900007	11.61930225
154.000007	51.19984696
154.100007	52.95751657
154.200007	-14.93901313
154.300007	-92.18564318
154.400007	-79.83953931
154.500007	-76.49291942
154.600007	-38.91323070
154.700007	9.62154124
154.800007	75.62600987
154.900007	-72.89213835
155.000007	77.21284763
155.100007	-71.77857930
155.200007	-40.84649959
155.300007	-15.30191831
155.400007	-77.97442711
155.500007	-61.52877327
155.600007	-82.93305453
155.700007	-82.40468348
155.800007	132.77140328
155.900007	-21.67602134
156.000007	23.39555419
156.100007	94.71920208
156.200007	16.53843705
156.300007	-75.45876810
156.400007	17.82657725
156.500007	39.28236582
156.600007	1.56424970
156.700007	-94.42549688
156.800007	38.78490503
156.900007	22.43420342
157.000007	157.76112508
157.100007	-75.83514245
157.200007	-35.17810447
157.300007	65.72746481
157.400007	-10.69386400
157.500007	-43.61959464
157.600007	12.37037009
157.700007	-74.55494996
157.800007	-24.37700922
157.900007	52.68703228
158.000008	-90.67807864
158.100008	-39.11096469
158.200008	-44.64933677
158.300008	-10.28293816
158.400008	3.75312635
158.500008	39.58719854
158.600008	8.48037579
158.700008	-44.91531965
158.800008	62.62341255
158.900008	-38.99205719
159.000008	70.50502012
159.100008	86.46791480
159.200008	-120.03834880
159.300008	27.36752864
159.400008	13.65174569
159.500008	154.55760584
159.600008	13.13319573
159.700008	-21.57424541
159.800008	23.32217282
159.900008	99.88162246
160.000008	-18.99286103
160.100008	7.78760512
160.200008	30.94986379
160.300008	35.37693028
160.400008	-56.58586520
160.500008	-39.22418711
160.600008	97.29474285
160.700008	2.28813172
160.800008	-14.87132131
160.900008	10.39976116
161.000008	-122.41784369
161.100008	10.37157173
161.200008	-81.54469101
161.300008	-68.56249242
161.400008	19.35879483
161.500008	-22.37604141
161.600008	-14.67008647
161.700008	-11.01801868
161.800008	-37.60965695
161.900008	-91.28496478
162.000008	-36.70122941
162.100008	-47.54858431
162.200008	49.39423504
162.300008	15.74633069
162.400008	2.89560335
162.500008	60.29963387
162.600008	-147.58375477
162.700008	-10.39927355
162.800008	80.58938605
162.900008	78.99141822
163.000008	-97.77647079
163.100008	-101.64088877
163.200008	3.84104255
163.300008	36.83957100
163.400008	10.39692999
163.500008	-2.03057382
163.600008	30.77738549
163.700008	-36.18028511
163.800008	-56.96161222
163.900008	-26.86690428
164.000008	11.70808694
164.100008	-24.12217473
164.200008	-81.16476848
164.300008	-39.95188225
164.400008	-18.94407780
164.500008	87.38114083
164.600008	36.18578793
164.700008	-106.75865912
164.800008	-13.97966211
164.900008	-38.43909837
165.000008	82.37779253
165.100008	13.97908298
165.200008	37.57938892
165.300008	55.23449716
165.400008	-46.76648300
165.500008	-1.79538552
165.600008	64.35720464
165.700008	35.07344778
165.800008	48.82178914
165.900008	-106.46234009
166.000008	-21.81313934
166.100008	33.01874849
166.200008	-35.92620075
166.300008	-17.61738535
166.400008	4.21058725
166.500008	-33.02265609
166.600008	-98.82525730
166.700008	107.93692818
166.800008	-44.29285354
166.900008	24.55925190
167.000008	36.08597439
167.100008	-52.04554275
167.200008	50.02804868
167.300008	-30.79398416
167.400008	-36.00357437
167.500008	20.74581597
167.600008	63.34513634
167.700008	-14.27045481
167.800008	35.87658547
167.900008	7.01896782
168.000008	46.78229494
168.100008	61.87493506
168.200008	100.91178837
168.300008	37.82815791
168.400008	-9.08740155
168.500008	61.70488701
168.600008	87.55392061
168.700008	34.69988037
168.800008	116.01635353
168.900008	23.04856868
169.000008	85.74595854
169.100008	99.29052759
169.200008	-58.83311229
169.300008	-43.58144972
169.400008	104.56683505
169.500008	62.63375437
169.600008	-8.62762634
169.700008	71.10988738
169.800008	-38.03805817
169.900008	-67.11525988
170.000008	30.38056360
170.100008	37.85205807
170.200008	-78.72960901
170.300008	-35.86873911
170.400008	21.51702544
170.500008	84.57535250
170.600008	14.56852499
170.700008	68.37003112
170.800008	56.65829705
170.900008	-27.96888379
171.000008	7.75184309
171.100008	-19.57982386
171.200008	-69.98331559
171.300008	50.59782970
171.400008	-36.16219088
171.500008	-53.49547051
171.600008	-78.55638372
171.700008	-46.85219429
171.800008	79.68749434
171.900008	87.54129777
172.000008	14.52450865
172.100008	-30.24556386
172.200008	6.30095659
172.300008	-71.27931765
172.400008	-12.75447352
172.500008	75.79601113
172.600008	9.88274808
172.700008	70.82250911
172.800008	-51.34715656
172.900008	4.49156121
173.000008	-6.55127669
173.100008	-20.79387254
173.200008	-14.88432144
173.300008	-17.51417116
173.400008	16.61145631
173.500008	112.62985909
173.600008	55.87899991
173.700008	82.88323365
173.800008	-82.46517531
173.900008	25.34337408
174.000008	93.07522194
174.100008	-22.42071885
174.200008	65.92399027
174.300008	-90.98126138
174.400008	38.76638945
174.500008	-7.07062098
174.600008	18.63030861
174.700008	-31.33133117
174.800008	17.65916423
174.900008	-57.42435942
175.000008	-37.07883151
175.100008	82.97898959
175.200008	5.38042448
175.300008	-24.48977252
175.400008	-86.99555746
175.500008	12.80594758
175.600008	-19.79008044
175.700008	-6.81896000
175.800008	-101.79701965
175.900008	93.11204931
176.000008	-35.49464224
176.100008	-84.67608716
176.200008	-43.71823179
176.300008	45.28273299
176.400008	30.40537121
176.500008	-60.40810042
176.600008	96.19336276
176.700008	98.42346854
176.800008	12.46687133
176.900008	73.65993071
177.000008	93.22373854
177.100008	4.43648304
177.200008	123.47689067
177.300008	-16.81074363
177.400008	79.17189229
177.500008	17.04243422
177.600008	-47.94180443
177.700008	-5.25159619
177.800008	-98.70858130
177.900008	-12.43772672
178.000008	1.78789588
178.100008	107.82340435
178.200008	-15.99131222
178.300008	-46.36919573
178.400008	-5.72989149
178.500008	8.86673612
178.600008	3.52119926
178.700008	-19.10498755
178.800008	-97.82060756
178.900008	14.47693134
179.000009	-9.90238226
179.100009	-153.22514913
179.200009	45.81147884
179.300009	-16.52000100
179.400009	9.79076209
179.500009	-20.93901232
179.600009	-129.51604464
179.700009	-6.57831652
179.800009	-103.09159611
179.900009	30.46383067
180.000009	53.88609479
180.100009	41.79673843
180.200009	-12.92237680
180.300009	-24.18273047
180.400009	-3.81431787
180.500009	-0.40687649
180.600009	-59.12299819
180.700009	-46.42655903
180.800009	-32.84332036
180.900009	31.16991443
181.000009	-24.50313967
181.100009	82.70673468
181.200009	-33.80583623
181.300009	84.71642408
181.400009	62.51594723
181.500009	41.57152597
181.600009	-25.26572373
181.700009	-10.09709035
181.800009	-30.84603066
181.900009	-52.75126110
182.000009	48.53358736
182.100009	-38.93865049
182.200009	-39.83053277
182.300009	82.36563257
182.400009	-32.95090402
182.500009	-17.41331734
182.600009	47.39475521
182.700009	84.49053963
182.800009	-28.23240931
182.900009	166.18315301
183.000009	-31.74933347
183.100009	50.86794396
183.200009	11.59216059
183.300009	-4.47291291
183.400009	-11.55355866
183.500009	50.85288481
183.600009	-35.15151931
183.700009	1.33782338
183.800009	-21.54213098
183.900009	-14.80472348
184.000009	89.94778878
184.100009	-55.18267350
184.200009	67.72579599
184.300009	-49.16305553
184.400009	46.60542795
184.500009	66.80624797
184.600009	-9.83969394
184.700009	-78.14018229
184.800009	48.71585552
184.900009	-48.09957449
185.000009	25.40729327
185.100009	73.00528236
185.200009	61.84423404
185.300009	-25.18903949
185.400009	42.56380412
185.500009	-21.50842739
185.600009	22.38872574
185.700009	55.23789901
185.800009	-89.47576404
185.900009	-140.49348356
186.000009	-14.09842303
186.100009	-19.04839336
186.200009	-18.20135220
186.300009	-42.71825030
186.400009	58.38450239
186.500009	-64.69055206
186.600009	21.82780108
186.700009	-120.64462948
186.800009	107.39682745
186.900009	38.15108131
187.000009	-15.41280560
187.100009	59.58965868
187.200009	-64.65073594
187.300009	-26.13718260
187.400009	59.76482068
187.500009	-40.60521853
187.600009	-82.29900265
187.700009	38.32604072
187.800009	-51.50365194
187.900009	-97.69520117
188.000009	38.41184540
188.100009	42.71916138
188.200009	-10.37314913
188.300009	57.03080971
188.400009	-30.06326182
188.500009	21.28931351
188.600009	40.67575315
188.700009	30.57214389
188.800009	-10.11310922
188.900009	67.02457827
189.000009	81.49432759
189.100009	45.70851214
189.200009	90.61545853
189.300009	-69.11489344
189.400009	-34.79933263
189.500009	8.67842128
189.600009	-137.73936007
189.700009	-9.51734042
189.800009	-98.52017391
189.900009	-12.26195791
190.000009	-79.75269472
190.100009	37.44708694
190.200009	4.03765037
190.300009	22.10054423
190.400009	-5.74420697
190.500009	-58.81180394
190.600009	6.91364607
190.700009	-31.09723591
190.800009	-76.50966864
190.900009	71.49119533
191.000009	12.61758630
191.100009	65.74373086
191.200009	52.25652190
191.300009	32.37451444
191.400009	28.82992651
191.500009	98.24591101
191.600009	8.86478047
191.700009	68.84622836
191.800009	94.08613705
191.900009	74.16469890
192.000009	20.21440464
192.100009	-2.50044935
192.200009	45.90885164
192.300009	-51.39359777
192.400009	9.60493591
192.500009	-76.37417725
192.600009	-69.96249950
192.700009	5.10636595
192.800009	69.09303868
192.900009	-122.37496256
193.000009	-79.92695404
193.100009	9.31500044
193.200009	52.22289397
193.300009	30.41623288
193.400009	19.62619051
193.500009	-0.01298341
193.600009	-66.84377036
193.700009	77.57765179
193.800009	-104.22081576
193.900009	49.57715911
194.000009	1.24854884
194.100009	15.37511173
194.200009	-62.89528994
194.300009	14.63446130
194.400009	42.76408678
194.500009	-43.08177907
194.600009	-83.47257234
194.700009	19.09311838
194.800009	97.52451568
194.900009	-6.55774725
195.000009	-76.82830115
195.100009	43.10602317
195.200009	76.32962139
195.300009	-74.60505684
195.400009	-39.23294642
195.500009	4.98079325
195.600009	-31.13629283
195.700009	-14.84183359
195.800009	103.42628327
195.900009	42.04553358
196.000009	-14.24525765
196.100009	-132.21072361
196.200009	88.47817708
196.300009	28.81757007
196.400009	-163.19350720
196.500009	-116.75537902
196.600009	23.64158854
196.700009	-16.50286346
196.800009	-9.83513483
196.900009	-29.69505535
197.000009	-54.13695968
197.100009	-27.23674816
197.200009	60.10450308
197.300009	8.03754696
197.400009	-122.65166370
197.500009	-52.42153120
197.600009	82.39564873
197.700009	-64.34087797
197.800009	43.69531758
197.900009	50.18662076
198.000009	108.78232379
198.100009	46.41577495
198.200009	-0.81153301
198.300009	68.46111742
198.400009	5.45280220
198.500009	-66.35065285
198.600009	-90.49869701
198.700009	-95.51164120
198.800009	95.08901140
198.900009	-6.77476040
199.000009	20.30485029
199.100009	-62.98687640
199.200009	-0.65752984
199.300009	0.12648381
199.400009	-64.28223212
199.500009	-78.07957403
199.600009	-24.00675034
199.700009	-0.70191618
199.800009	-132.95917463
199.900009	-44.94056230
200.000009	33.73143082
200.100010	27.66075314
200.200010	-66.45200147
200.300010	-63.31156158
200.400010	23.81431954
200.500010	82.12048745
200.600010	-95.97262245
200.700010	-151.90926358
200.800010	26.49366534
200.900010	33.43748688
201.000010	-66.43801127
201.100010	92.72668099
201.200010	-115.89278692
201.300010	24.55891030
201.400010	34.52366630
201.500010	26.89361484
201.600010	53.83471959
201.700010	14.26496282
201.800010	5.24061563
201.900010	74.39963469
202.000010	41.50292963
202.100010	32.88030432
202.200010	-36.74673234
202.300010	-130.90546245
202.400010	7.46321630
202.500010	25.19789869
202.600010	-57.56332733
202.700010	46.16859512
202.800010	74.40461319
202.900010	31.77720034
203.000010	-41.16370140
203.100010	-45.65334938
203.200010	41.50551803
203.300010	-102.82165242
203.400010	-0.25900363
203.500010	-83.78442956
203.600010	-5.07050458
203.700010	-124.20671512
203.800010	-6.84269754
203.900010	37.52229582
204.000010	-12.12832035
204.100010	-66.64427280
204.200010	1.81626616
204.300010	4.34113809
204.400010	12.99449794
204.500010	91.07714676
204.600010	-35.19392443
204.700010	22.23187740
204.800010	-2.34603144
204.900010	-23.30857061
205.000010	-60.88879727
205.100010	3.87981174
205.200010	-28.63862604
205.300010	-59.93955958
205.400010	-14.44089496
205.500010	-40.12547113
205.600010	27.15026427
205.700010	-51.20513652
205.800010	-15.45205421
205.900010	69.19824499
206.000010	-10.33573919
206.100010	-24.28697455
206.200010	70.55539187
206.300010	7.32815656
206.400010	26.57380632
206.500010	42.47218688
206.600010	90.55915141
206.700010	-35.50637837
206.800010	-9.08468896
206.900010	-45.51704738
207.000010	6.09224780
207.100010	38.46540717
207.200010	-8.25779670
207.300010	73.31952912
207.400010	-39.20866737
207.500010	72.06785628
207.600010	-72.62466278
207.700010	-49.96308153
207.800010	-10.69473677
207.900010	68.10394158
208.000010	-38.99598287
208.100010	87.03274455
208.200010	-94.50761735
208.300010	-35.68250596
208.400010	-48.84925814
208.500010	31.50330131
208.600010	-69.90278481
208.700010	79.67648469
208.800010	164.53293485
208.900010	94.67059543
209.000010	-64.86701175
209.100010	-24.79831742
209.200010	-22.21614099
209.300010	-25.46005911
209.400010	23.89712087
209.500010	63.92789031
209.600010	14.62968835
209.700010	-24.91947276
209.800010	-19.81895532
209.900010	-18.98038402
210.000010	60.55342982
210.100010	51.17790281
210.200010	25.27215908
210.300010	-150.94959905
210.400010	-41.34257930
210.500010	-87.03855092
210.600010	-58.58502599
210.700010	-87.33396838
210.800010	-31.51606240
210.900010	-84.07252066
211.000010	-5.38261919
211.100010	36.09740586
211.200010	37.13453500
211.300010	5.93022537
211.400010	-19.91264210
211.500010	-160.29294241
211.600010	-48.23349461
211.700010	136.37320327
211.800010	-18.05729963
211.900010	-166.72099286
212.000010	-83.47952424
212.100010	1.49978605
212.200010	58.67877140
212.300010	0.11426930
212.400010	-7.39523259
212.500010	42.79263655
212.600010	-69.36692340
212.700010	-67.01202486
212.800010	45.09946776
212.900010	42.73298105
213.000010	-9.90341437
213.100010	-38.52454313
213.200010	-38.03541678
213.300010	44.05557489
213.400010	-40.94810323
213.500010	23.75399723
213.600010	-6.06725952
213.700010	48.29147039
213.800010	-23.86346269
213.900010	-131.99796343
214.000010	-3.77493096
214.100010	58.49616695
214.200010	99.13207693
214.300010	27.61604937
214.400010	32.10137826
214.500010	38.95309119
214.600010	70.35416796
214.700010	-97.17997245
214.800010	-64.22695129
214.900010	14.77436673
215.000010	16.75856128
215.100010	-41.10943589
215.200010	-80.84067994
215.300010	-37.67752754
215.400010	-32.59429613
215.500010	32.95569159
215.600010	-94.86635291
215.700010	-24.29269707
215.800010	-32.28660666
215.900010	-49.29087400
216.000010	17.65868533
216.100010	91.22617113
216.200010	38.85014327
216.300010	27.67326245
216.400010	-45.06170675
216.500010	-10.15950854
216.600010	31.10112606
216.700010	44.33942768
216.800010	-71.40279893
216.900010	-34.83322601
217.000010	34.12092253
217.100010	3.98489221
217.200010	-4.73043631
217.300010	15.00241259
217.400010	37.01802894
217.500010	-18.36923268
217.600010	27.31521758
217.700010	30.23772857
217.800010	42.94217211
217.900010	15.13058581
218.000010	28.46475867
218.100010	15.69762812
218.200010	15.54766468
218.300010	4.82049230
218.400010	81.02429726
218.500010	26.35163837
218.600010	-17.90319896
218.700010	27.21115172
218.800010	-74.62497426
218.900010	-82.23524437
219.000010	-8.75219328
219.100010	31.56927100
219.200010	92.78968825
219.300010	37.09555493
219.400010	57.86313483
219.500010	52.25241837
219.600010	3.72045861
219.700010	9.33294559
219.800010	49.67951780
219.900010	-18.34225740
220.000010	83.76521795
220.100010	88.59152694
220.200010	-17.90558420
220.300010	14.72704121
220.400010	-22.43957424
220.500010	-66.79775813
220.600010	-86.03751958
220.700010	21.88760720
220.800010	-60.32574408
220.900010	6.54230335
221.000010	25.43836460
221.100011	-104.89040371
221.200011	-39.85475286
221.300011	-26.47402813
221.400011	-30.27936977
221.500011	7.05446827
221.600011	27.60175718
221.700011	28.19191949
221.800011	20.93641818
221.900011	-65.90898249
222.000011	22.91701112
222.100011	66.51604565
222.200011	-12.50780620
222.300011	-9.36693946
222.400011	-5.83045262
222.500011	-55.77541382
222.600011	-168.41420978
222.700011	-12.32897355
222.800011	20.45869831
222.900011	-29.10408539
223.000011	76.79069473
223.100011	-48.47748800
223.200011	-48.07620705
223.300011	15.93231509
223.400011	-36.03465309
223.500011	-45.70340037
223.600011	-63.03961945
223.700011	43.54485571
223.800011	73.18131040
223.900011	9.97486141
224.000011	36.33528311
224.100011	13.25375907
224.200011	-28.38305131
224.300011	-131.24201195
224.400011	55.15119953
224.500011	37.86591844
224.600011	-20.50481465
224.700011	-36.74413880
224.800011	61.87697104
224.900011	22.75176563
225.000011	11.28992300
225.100011	-47.64624058
225.200011	-43.50729087
225.300011	-74.01093878
225.400011	-60.32110461
225.500011	3.70432355
225.600011	7.21375245
225.700011	-14.81564300
225.800011	-103.42221620
225.900011	-27.22471363
226.000011	46.23003070
226.100011	18.29586604
226.200011	23.98034319
226.300011	-8.79870666
226.400011	59.55408582
226.500011	-83.27652165
226.600011	-42.86262684
226.700011	13.67746730
226.800011	-8.92319030
226.900011	-38.91146050
227.000011	-16.49589285
227.100011	-29.66181769
227.200011	-14.70363312
227.300011	-38.05069782
227.400011	-45.10280388
227.500011	137.34004042
227.600011	1.31097325
227.700011	-34.77640426
227.800011	-11.25569963
227.900011	107.52476076
228.000011	35.82825415
228.100011	-72.37814883
228.200011	32.30939172
228.300011	40.46924326
228.400011	21.15728401
228.500011	-66.13499189
228.600011	47.69303765
228.700011	-48.97471870
228.800011	-64.25560302
228.900011	-82.92976522
229.000011	-75.24675116
229.100011	-26.42412648
229.200011	40.34077133
229.300011	-11.14974684
229.400011	35.47671487
229.500011	102.56638832
229.600011	-14.12469763
229.700011	8.42798147
229.800011	-82.62893548
229.900011	-67.20189071
230.000011	-25.93969483
230.100011	-39.66808033
230.200011	75.92070556
230.300011	8.98279984
230.400011	71.96063830
230.500011	-24.59256568
230.600011	-68.75321725
230.700011	29.71652849
230.800011	-14.95011778
230.900011	45.83991771
231.000011	3.44513030
231.100011	-12.48718002
231.200011	109.97647156
231.300011	39.26234807
231.400011	-26.27554680
231.500011	-53.44829202
231.600011	13.21615925
231.700011	67.44379729
231.800011	-33.96738475
231.900011	27.36600727
232.000011	-0.56963675
232.100011	-16.61372615
232.200011	-68.30935386
232.300011	-58.29105758
232.400011	-3.45527855
232.500011	-75.36867853
232.600011	-69.33881369
232.700011	-72.15961675
232.800011	-78.40664678
232.900011	-80.34835737
233.000011	-47.91005407
233.100011	-1.75263189
233.200011	6.02456811
233.300011	18.26173921
233.400011	23.91406933
233.500011	-89.69284630
233.600011	81.45637983
233.700011	12.39392968
233.800011	56.96682757
233.900011	-5.26963513
234.000011	-8.51175336
234.100011	29.17288040
234.200011	35.31255910
234.300011	5.42782984
234.400011	29.62940708
234.500011	-82.65242431
234.600011	10.97154658
234.700011	72.12809083
234.800011	-100.00534282
234.900011	34.48667669
235.000011	-65.67048266
235.100011	112.77562406
235.200011	-63.84457261
235.300011	-62.66617333
235.400011	-8.22880511
235.500011	-31.77674109
235.600011	11.77337036
235.700011	13.51146701
235.800011	-25.45427671
235.900011	16.90506746
236.000011	89.01573824
236.100011	83.72258492
236.200011	9.67568541
236.300011	25.99949323
236.400011	57.79931269
236.500011	-57.60777685
236.600011	-86.40061245
236.700011	37.68811459
236.800011	-48.81240267
236.900011	-98.24762887
237.000011	46.24173365
237.100011	88.44750261
237.200011	43.21201160
237.300011	107.37238702
237.400011	56.44391776
237.500011	59.92290252
237.600011	43.91821225
237.700011	-13.27507667
237.800011	1.38700404
237.900011	-12.76789685
238.000011	-88.58513650
238.100011	8.84403311
238.200011	-39.92248172
238.300011	-7.59620332
238.400011	72.82030427
238.500011	-1.62138150
238.600011	40.48063273
238.700011	111.71409185
238.800011	69.75239249
238.900011	-31.25224713
239.000011	-62.52847325
239.100011	-15.55856195
239.200011	-36.15374546
239.300011	2.74873516
239.400011	54.24505781
239.500011	-24.82136392
239.600011	-46.12295522
239.700011	-75.04052665
239.800011	-87.64964499
239.900011	15.74177460
240.000011	41.49293641
240.100011	-19.82549995
240.200011	11.95975220
240.300011	36.17235707
240.400011	-33.06813053
240.500011	-0.12333682
240.600011	50.69070501
240.700011	-20.20864422
240.800011	48.89610605
240.900011	26.45959165
241.000011	23.54167679
241.100011	41.99138083
241.200011	-41.93680606
241.300011	-42.36396225
241.400011	-80.42103110
241.500011	-96.82768721
241.600011	55.20549058
241.700011	30.14554471
241.800011	31.23880028
241.900011	-17.37176865
242.000011	-0.56751368
242.100011	11.31504835
242.200012	32.63402438
242.300012	-44.90972627
242.400012	-97.19344039
242.500012	-62.53091735
242.600012	-27.73010140
242.700012	13.88306944
242.800012	-69.85309256
242.900012	-99.45609417
243.000012	46.92513943
243.100012	-15.40667815
243.200012	-95.13457215
243.300012	-21.40390943
243.400012	-16.07652717
243.500012	23.21266330
243.600012	-5.61226468
243.700012	103.77321015
243.800012	-48.51661079
243.900012	-29.13256859
244.000012	30.65510178
244.100012	-17.28616602
244.200012	100.88748357
244.300012	63.98811107
244.400012	-43.14343802
244.500012	-4.89535361
244.600012	8.60544653
244.700012	-70.14655012
244.800012	-48.04377061
244.900012	110.97739742
245.000012	-12.03803583
245.100012	-19.89500590
245.200012	62.13705194
245.300012	79.62702565
245.400012	-18.99030536
245.500012	30.65479785
245.600012	0.90151099
245.700012	-28.20978895
245.800012	144.76911485
245.900012	0.51867735
246.000012	97.44285253
246.100012	60.64401206
246.200012	17.50362401
246.300012	129.89604123
246.400012	30.72462250
246.500012	60.32373657
246.600012	-15.25973022
246.700012	52.10332381
246.800012	-33.20512236
246.900012	43.78989420
247.000012	-73.15044599
247.100012	-58.23915990
247.200012	-18.33695446
247.300012	-31.64231173
247.400012	-7.06083210
247.500012	-12.65338750
247.600012	4.38316378
247.700012	129.20985467
247.800012	29.50532528
247.900012	31.89102643
248.000012	46.74394385
248.100012	5.33672786
248.200012	-79.19054105
248.300012	4.13184720
248.400012	37.75014524
248.500012	-65.18010767
248.600012	-34.56173415
248.700012	-12.56210358
248.800012	69.09145177
248.900012	-24.92696521
249.000012	-9.32138230
249.100012	17.69527049
249.200012	3.97211782
249.300012	-59.38512132
249.400012	-13.74974765
249.500012	-15.76962808
249.600012	-123.90854133
249.700012	14.95332454
249.800012	42.06117388
249.900012	-44.58904302
250.000012	-3.90744990
250.100012	-57.55492646
250.200012	-54.30640164
250.300012	64.75989525
250.400012	30.32550800
250.500012	44.67013519
250.600012	3.18172877
250.700012	-1.27340703
250.800012	-14.65147972
250.900012	-0.20273392
251.000012	19.89667530
251.100012	-6.64464244
251.200012	11.23546137
251.300012	62.25183514
251.400012	-47.74657597
251.500012	7.96812597
251.600012	55.39248355
251.700012	45.61344251
251.800012	49.24529581
251.900012	13.39635726
252.000012	-96.22379334
252.100012	33.77569465
252.200012	56.05068700
252.300012	56.53683763
252.400012	31.84983237
252.500012	-49.41128873
252.600012	-55.12815749
252.700012	-59.02203425
252.800012	-91.09160462
252.900012	-30.74866886
253.000012	5.46757331
253.100012	-33.14221300
253.200012	-2.42232929
253.300012	134.13084976
253.400012	147.90869200
253.500012	-21.80105085
253.600012	41.09552300
253.700012	13.11281155
253.800012	-40.02362940
253.900012	-75.70323349
254.000012	-61.17540443
254.100012	-49.14553906
254.200012	3.46620567
254.300012	2.67513048
254.400012	38.48456362
254.500012	-29.41899486
254.600012	-90.21873445
254.700012	105.09225889
254.800012	4.66143309
254.900012	6.62276933
255.000012	-52.04506264
255.100012	19.22903990
255.200012	-54.49973942
255.300012	-14.75910047
255.400012	5.52661704
255.500012	3.86326847
255.600012	15.34954528
255.700012	12.63590321
255.800012	53.35110824
255.900012	-44.27690529
256.000012	16.06032410
256.100012	72.17586281
256.200012	51.14117595
256.300012	28.46187307
256.400012	61.98173157
256.500012	55.62975656
256.600012	66.63871690
256.700012	56.74286005
256.800012	-6.01273612
256.900012	-22.39827410
257.000012	-15.90359292
257.100012	-54.77566768
257.200012	-33.55990908
257.300012	-23.35722248
257.400012	-54.25553996
257.500012	-31.51303519
257.600012	-13.63517978
257.700012	126.59104218
257.800012	49.52155086
257.900012	-1.06527333
258.000012	-3.41426941
258.100012	16.25349495
258.200012	-68.44915236
258.300012	-74.94539248
258.400012	-52.53586837
258.500012	-28.68287719
258.600012	49.28466496
258.700012	117.87641096
258.800012	-35.98580799
258.900012	40.25373023
259.000012	172.79846444
259.100012	127.05389547
259.200012	51.87123252
259.300012	20.63794805
259.400012	-19.74351575
259.500012	-15.17896593
259.600012	-71.92268635
259.700012	-58.87627627
259.800012	104.08251466
259.900012	147.94602770
260.000012	-3.42343123
260.100012	0.38157071
260.200012	92.67737225
260.300012	-29.37343361
260.400012	24.43153383
260.500012	69.73589015
260.600012	-58.92852456
260.700012	14.53115044
260.800012	-92.30552563
260.900012	34.60991527
261.000012	-56.34632589
261.100012	-79.18230391
261.200012	-33.76781202
261.300012	40.14936796
261.400012	13.45063881
261.500012	22.93483012
261.600012	-110.14681976
261.700012	-30.64669979
261.800012	-48.46855822
261.900012	21.93837952
262.000012	21.74733930
262.100012	1.76585662
262.200012	67.50466346
262.300012	-1.64025435
262.400012	38.35665374
262.500012	-26.35835877
262.600012	-59.19296846
262.700012	-36.42789358
262.800012	-112.81849167
262.900012	-3.27961538
263.000012	-24.93431506
263.100012	52.84332372
263.200013	1.60332551
263.300013	71.77389331
263.400013	53.12881276
263.500013	9.41802133
263.600013	1.38568301
263.700013	-23.73599882
263.800013	95.50763679
263.900013	-17.03064650
264.000013	-27.15218410
264.100013	-40.77855429
264.200013	40.82091746
264.300013	-100.22666994
264.400013	-25.82524929
264.500013	-136.99750224
264.600013	-31.38464359
264.700013	-81.74168478
264.800013	68.89280358
264.900013	-28.53246465
265.000013	-43.91617448
265.100013	-36.43933751
265.200013	3.82990162
265.300013	21.45423309
265.400013	6.30868424
265.500013	87.67599802
265.600013	-6.58453872
265.700013	-102.39145996
265.800013	-105.89577521
265.900013	-103.22164243
266.000013	-48.49569331
266.100013	-55.89548900
266.200013	-12.94164546
266.300013	39.09715858
266.400013	11.34362652
266.500013	6.44930013
266.600013	10.10221403
266.700013	-70.80088859
266.800013	-76.17652981
266.900013	-10.98972922
267.000013	114.87213714
267.100013	83.30704511
267.200013	-30.73401621
267.300013	164.22127501
267.400013	4.83334130
267.500013	-21.51090727
267.600013	-17.53495142
267.700013	-25.25067667
267.800013	-53.27980838
267.900013	-19.63303525
268.000013	11.75198296
268.100013	9.43760540
268.200013	123.65028400
268.300013	105.97712084
268.400013	94.62760777
268.500013	-61.96609304
268.600013	-103.07376440
268.700013	-51.17930988
268.800013	0.55276152
268.900013	-54.56186991
269.000013	-44.59115319
269.100013	-38.33231384
269.200013	-5.24785079
269.300013	76.34915797
269.400013	-35.79475766
269.500013	50.31468380
269.600013	54.86719095
269.700013	37.00756991
269.800013	78.70482680
269.900013	-33.58550837
270.000013	19.19723726
270.100013	21.55520009
270.200013	-27.77583913
270.300013	-69.86838723
270.400013	4.25613660
270.500013	-66.87110581
270.600013	-80.85350545
270.700013	-58.96892437
270.800013	-77.26053362
270.900013	-2.66471660
271.000013	46.46065374
271.100013	-28.37503786
271.200013	-35.10376006
271.300013	-37.40123303
271.400013	-82.03344163
271.500013	68.20369277
271.600013	-47.10669672
271.700013	10.27237723
271.800013	-17.69474995
271.900013	-113.25045551
272.000013	-18.40488828
272.100013	91.79654634
272.200013	31.48645842
272.300013	-25.33259790
272.400013	-14.41301195
272.500013	41.60839965
272.600013	-41.48819720
272.700013	-21.74204266
272.800013	71.06223937
272.900013	44.28371146
273.000013	-19.54281187
273.100013	-48.77862496
273.200013	54.67729785
273.300013	-38.34259274
273.400013	-13.45106754
273.500013	8.23206577
273.600013	-38.09490340
273.700013	-34.20661126
273.800013	0.79176801
273.900013	29.97666528
274.000013	24.72442664
274.100013	26.85220138
274.200013	53.15590945
274.300013	-74.14722381
274.400013	-146.97947024
274.500013	-99.72705923
274.600013	-31.18671225
274.700013	53.58170540
274.800013	-19.49961542
274.900013	30.71051270
275.000013	38.75707495
275.100013	99.93556419
275.200013	-17.76329110
275.300013	25.92573248
275.400013	19.29019654
275.500013	55.95160567
275.600013	-165.65021996
275.700013	43.40439286
275.800013	-89.59738323
275.900013	-18.04899942
276.000013	-61.53317033
276.100013	8.30383320
276.200013	-34.14542404
276.300013	-106.23030538
276.400013	63.43082035
276.500013	31.81249898
276.600013	-38.86032252
276.700013	27.17353773
276.800013	101.10220570
276.900013	26.63033719
277.000013	114.19537198
277.100013	57.15172021
277.200013	13.99389805
277.300013	-43.88273362
277.400013	-30.98270208
277.500013	-74.37704706
277.600013	-58.93815084
277.700013	-82.41124670
277.800013	-26.90142365
277.900013	-9.71596508
278.000013	-57.90765163
278.100013	-40.91240839
278.200013	56.16577308
278.300013	-7.66861487
278.400013	34.75301746
278.500013	28.46037656
278.600013	-1.12809319
278.700013	45.54359182
278.800013	-19.92743777
278.900013	-127.26002969
279.000013	70.20060548
279.100013	-79.95615222
279.200013	-133.32610513
279.300013	-36.75638441
279.400013	-109.38267709
279.500013	-19.07025201
279.600013	127.86536507
279.700013	-15.73323926
279.800013	-120.45872108
279.900013	-10.29314877
280.000013	72.65437645
280.100013	-26.15615652
280.200013	-10.75053522
280.300013	-14.26241748
280.400013	-109.45046733
280.500013	-47.92176268
280.600013	-131.81572448
280.700013	3.10749156
280.800013	48.32516427
280.900013	-57.05091153
281.000013	-4.27219540
281.100013	42.47216420
281.200013	-64.68624454
281.300013	-13.12568416
281.400013	17.59485929
281.500013	4.63796349
281.600013	-101.53555635
281.700013	14.81522130
281.800013	-25.05897287
281.900013	9.38983508
282.000013	-17.34809873
282.100013	-80.94316827
282.200013	-114.20189538
282.300013	46.10326728
282.400013	53.34615113
282.500013	68.89898990
282.600013	14.30636716
282.700013	10.16356596
282.800013	25.82387028
282.900013	-7.68917256
283.000013	-29.09250252
283.100013	-38.78055952
283.200013	42.14831337
283.300013	7.60880798
283.400013	-2.11151969
283.500013	14.22172526
283.600013	68.03619916
283.700013	19.50439577
283.800013	31.45669308
283.900013	-39.07070948
284.000013	19.00729269
284.100013	50.85828022
284.200013	-27.17939688
284.300014	-44.04976028
284.400014	-67.54962825
284.500014	0.06028807
284.600014	-48.97783240
284.700014	-86.84506045
284.800014	30.18968247
284.900014	53.10465768
285.000014	-16.03861440
285.100014	-20.26275978
285.200014	-37.16846151
285.300014	-2.79750505
285.400014	57.39201270
285.500014	3.04916210
285.600014	-40.76526688
285.700014	-40.95103776
285.800014	-12.14087925
285.900014	-118.27763191
286.000014	21.94056529
286.100014	46.27884921
286.200014	15.22031303
286.300014	-65.26728580
286.400014	-47.30569746
286.500014	18.29744812
286.600014	-2.74725409
286.700014	27.91215280
286.800014	27.72468223
286.900014	43.89430319
287.000014	61.28041677
287.100014	36.90454664
287.200014	35.99912744
287.300014	-117.67001212
287.400014	-22.18609599
287.500014	56.13859593
287.600014	-13.52967601
287.700014	64.73638673
287.800014	-7.37700457
287.900014	69.41139646
288.000014	57.03186205
288.100014	-102.04402539
288.200014	49.95006212
288.300014	-37.10277827
288.400014	66.24320700
288.500014	-50.13936523
288.600014	-37.67189673
288.700014	22.99663834
288.800014	-67.02548476
288.900014	68.93668794
289.000014	151.60133438
289.100014	35.04075109
289.200014	-23.29099868
289.300014	64.10796673
289.400014	-120.73858794
289.500014	80.33742954
289.600014	-27.08634535
289.700014	111.17645061
289.800014	11.96894053
289.900014	-7.99143624
290.000014	-82.77212606
290.100014	-18.62784054
290.200014	-32.49375032
290.300014	-18.85630025
290.400014	-19.95461377
290.500014	-14.22630142
290.600014	22.14752792
290.700014	47.56333143
290.800014	18.28448413
290.900014	26.53958401
291.000014	96.49282394
291.100014	50.68833003
291.200014	45.57302927
291.300014	73.43253072
291.400014	-43.13873984
291.500014	53.58550255
291.600014	37.15884691
291.700014	-68.47826641
291.800014	15.10493197
291.900014	-25.10889076
292.000014	33.67366027
292.100014	62.65512195
292.200014	-20.58538192
292.300014	-65.91903839
292.400014	-6.61485385
292.500014	71.26409779
292.600014	-112.95172557
292.700014	-41.12326301
292.800014	3.98306882
292.900014	111.96600730
293.000014	-10.56187088
293.100014	-37.98337146
293.200014	-14.42812629
293.300014	-17.28875482
293.400014	-64.15270041
293.500014	-139.88139985
293.600014	-42.20913563
293.700014	19.51407264
293.800014	-44.22848378
293.900014	-61.38963296
294.000014	-63.53828139
294.100014	-22.29576622
294.200014	49.95267716
294.300014	-43.94257070
294.400014	-8.22835892
294.500014	72.51834429
294.600014	44.46188581
294.700014	-25.01048511
294.800014	4.57767194
294.900014	9.61674190
295.000014	-50.27507698
295.100014	73.59537593
295.200014	72.16682704
295.300014	-49.71962286
295.400014	-116.03654965
295.500014	-10.22027403
295.600014	132.55756635
295.700014	27.16756952
295.800014	3.83662392
295.900014	41.50729688
296.000014	6.47789709
296.100014	-75.34463274
296.200014	-23.26082154
296.300014	48.60502456
296.400014	-8.61781326
296.500014	-78.85198184
296.600014	-7.51183158
296.700014	7.78141985
296.800014	75.92070356
296.900014	34.11751355
297.000014	25.35981261
297.100014	-47.17582877
297.200014	-10.08769560
297.300014	104.58476586
297.400014	90.44967085
297.500014	24.61357510
297.600014	17.66548377
297.700014	11.34153409
297.800014	95.48460670
297.900014	35.88640487
298.000014	-14.26386818
298.100014	85.05848186
298.200014	-33.22187957
298.300014	34.43065787
298.400014	-10.69851272
298.500014	-22.42375870
298.600014	62.80068143
298.700014	83.07616579
298.800014	96.77616636
298.900014	10.22984902
299.000014	13.70817934
299.100014	-85.92250574
299.200014	59.29594276
299.300014	-45.94276408
299.400014	-4.76115976
299.500014	12.47135707
299.600014	-9.25626339
299.700014	-22.28395289
299.800014	-78.90615093
299.900014	-52.82056341
300.000014	-62.14987258
300.100014	51.54565904
300.200014	-27.83098010
300.300014	-20.86346596
300.400014	-32.74304162
300.500014	29.25082878
300.600014	15.12829466
300.700014	-78.88324578
300.800014	49.05863355
300.900014	27.47738694
301.000014	-121.10783434
301.100014	-77.01577653
301.200014	34.05729844
301.300014	90.19829878
301.400014	2.39297167
301.500014	92.40777842
301.600014	4.92871199
301.700014	-40.13856541
301.800014	-5.77825877
301.900014	136.14185088
302.000014	-5.79408377
302.100014	-29.26486771
302.200014	-26.03097045
302.300014	33.29380145
302.400014	-40.76197179
302.500014	68.44995908
302.600014	11.78504258
302.700014	62.85925939
302.800014	120.70780989
302.900014	18.40227436
303.000014	-23.86225187
303.100014	44.18626912
303.200014	21.10588309
303.300014	58.49098382
303.400014	1.69893524
303.500014	63.69966516
303.600014	105.01020571
303.700014	47.31554811
303.800014	-58.20029507
303.900014	50.15185893
304.000014	-34.54149930
304.100014	-7.75346409
304.200014	-65.87253950
304.300014	-21.32607185
304.400014	8.21235695
304.500014	-38.31325573
304.600014	-63.90244369
304.700014	-2.09724709
304.800014	-14.15633577
304.900014	15.76711108
305.000014	96.26637958
305.100014	158.94436389
305.200014	-52.61848018
305.300015	-73.49196737
305.400015	56.09569151
305.500015	8.03510295
305.600015	-55.10154917
305.700015	14.12801101
305.800015	-85.75147441
305.900015	-0.52342567
306.000015	-91.96817726
306.100015	84.05591019
306.200015	-55.88743361
306.300015	-17.42412922
306.400015	-43.81632338
306.500015	38.14078697
306.600015	14.70659153
306.700015	-21.34332307
306.800015	-4.69422906
306.900015	-86.99356402
307.000015	33.68523998
307.100015	75.35485973
307.200015	74.30854697
307.300015	35.37601874
307.400015	-25.75479553
307.500015	41.27656971
307.600015	33.68248066
307.700015	-17.57405443
307.800015	-28.84964224
307.900015	-77.95205142
308.000015	-75.29611474
308.100015	-37.67862205
308.200015	3.04860784
308.300015	-27.48132279
308.400015	18.90419164
308.500015	42.31342533
308.600015	41.90972188
308.700015	-11.29480978
308.800015	-49.13805395
308.900015	-9.29819592
309.000015	-22.64495296
309.100015	-5.29650523
309.200015	-53.93183015
309.300015	33.46212084
309.400015	-1.54714229
309.500015	-77.99671917
309.600015	-10.13868047
309.700015	6.01232450
309.800015	-65.80829460
309.900015	28.09724897
310.000015	118.41010648
310.100015	72.58779547
310.200015	-79.34467960
310.300015	-28.36430054
310.400015	19.81773027
310.500015	-39.40466867
310.600015	28.80165146
310.700015	-1.85995005
310.800015	-85.74731014
310.900015	-82.02494503
311.000015	-75.00237197
311.100015	-43.38595489
311.200015	-60.10970665
311.300015	-42.95508398
311.400015	-56.58887092
311.500015	-57.61783016
311.600015	10.04903068
311.700015	-13.74209619
311.800015	-132.84767778
311.900015	-26.55049907
312.000015	-5.88070663
312.100015	56.64536915
312.200015	-17.33274468
312.300015	50.48476056
312.400015	4.34864590
312.500015	-0.18496316
312.600015	31.41960070
312.700015	-23.30597819
312.800015	-11.64297740
312.900015	-87.63685719
313.000015	34.95970713
313.100015	114.75515792
313.200015	48.35129610
313.300015	13.69551545
313.400015	-51.44721720
313.500015	-66.64616585
313.600015	-101.19202726
313.700015	-23.54887932
313.800015	-13.48087569
313.900015	-8.95261855
314.000015	22.49175566
314.100015	-98.22457656
314.200015	-39.28850181
314.300015	68.01364118
314.400015	-77.43089914
314.500015	-159.67692813
314.600015	-75.28617453
314.700015	-63.19418841
314.800015	-17.51469908
314.900015	-29.72435369
315.000015	67.36421859
315.100015	38.95953485
315.200015	100.36117397
315.300015	23.98862106
315.400015	147.32540524
315.500015	63.67218586
315.600015	-11.24777276
315.700015	47.88165344
315.800015	24.02791773
315.900015	-17.83189454
316.000015	-21.01522208
316.100015	73.41289119
316.200015	56.95272216
316.300015	-2.09742893
316.400015	-81.16326769
316.500015	-40.88314430
316.600015	-41.01861122
316.700015	-21.26262436
316.800015	-12.66944918
316.900015	4.48255831
317.000015	6.60671935
317.100015	26.40796214
317.200015	47.09177966
317.300015	64.50576189
317.400015	18.03221212
317.500015	8.40963416
317.600015	74.60896598
317.700015	46.67921116
317.800015	-42.06064876
317.900015	-16.55488231
318.000015	-89.86388767
318.100015	107.16870598
318.200015	79.43034157
318.300015	-19.83818814
318.400015	-9.63934712
318.500015	-24.21820828
318.600015	-45.87648962
318.700015	-108.38334755
318.800015	-66.00482077
318.900015	-66.56647238
319.000015	8.58335275
319.100015	43.89414435
319.200015	17.35284692
319.300015	-52.56102972
319.400015	-17.09195158
319.500015	139.47687116
319.600015	176.80183397
319.700015	-8.41890861
319.800015	-8.21549315
319.900015	25.62537417
320.000015	8.73139913
320.100015	-15.46053661
320.200015	31.43492858
320.300015	-12.09303024
320.400015	-24.82964962
320.500015	37.45235579
320.600015	17.96872979
320.700015	-11.88401913
320.800015	-10.84086731
320.900015	-38.22270636
321.000015	-10.82090820
321.100015	-42.46120993
321.200015	20.94904408
321.300015	55.97465853
321.400015	34.26501032
321.500015	74.84391951
321.600015	42.51772389
321.700015	-70.20502920
321.800015	0.09968451
321.900015	-51.91892085
322.000015	-59.06914274
322.100015	2.05904255
322.200015	-3.90940699
322.300015	-140.15616498
322.400015	31.97176520
322.500015	-19.26998260
322.600015	20.55070332
322.700015	71.80856048
322.800015	-97.51939686
322.900015	49.51771679
323.000015	-39.49845647
323.100015	7.76119608
323.200015	17.90685792
323.300015	-19.95990755
323.400015	65.64686548
323.500015	-5.85123933
323.600015	46.81097811
323.700015	-93.17449071
323.800015	-52.23279910
323.900015	-30.51084866
324.000015	-32.22547665
324.100015	-15.27336399
324.200015	69.18118517
324.300015	-26.33004924
324.400015	9.68044720
324.500015	-18.16092917
324.600015	70.68865485
324.700015	-5.70915641
324.800015	-157.26813885
324.900015	-21.91144812
325.000015	-38.45629495
325.100015	-27.36312444
325.200015	21.25279545
325.300015	-122.08417670
325.400015	-102.19211072
325.500015	-65.81210525
325.600015	47.47815179
325.700015	66.53438216
325.800015	24.49767901
325.900015	9.40597121
326.000015	21.26192264
326.100015	-33.93808820
326.200015	41.90618009
326.300015	1.15071009
326.400016	-40.83610149
326.500016	42.93475820
326.600016	-25.50259396
326.700016	-47.89499313
326.800016	-20.15718894
326.900016	-48.89688741
327.000016	-74.77488062
327.100016	18.15651882
327.200016	-55.70845227
327.300016	-30.18518615
327.400016	-32.63375795
327.500016	-100.82317471
327.600016	-33.71733229
327.700016	-49.78612489
327.800016	46.79899842
327.900016	-20.89346210
328.000016	28.29665627
328.100016	64.83620474
328.200016	-62.93155840
328.300016	5.28916115
328.400016	-52.68565624
328.500016	46.22508937
328.600016	24.80452969
328.700016	-34.60201684
328.800016	10.28459231
328.900016	28.88679280
329.000016	3.80439630
329.100016	-22.53432266
329.200016	36.53135380
329.300016	65.34196796
329.400016	10.42330655
329.500016	-53.57634954
329.600016	-33.46503270
329.700016	4.60492923
329.800016	49.10395060
329.900016	-58.16980490
330.000016	-20.77194918
330.100016	30.20173062
330.200016	-86.20659605
330.300016	-11.57950557
330.400016	-59.24274675
330.500016	64.71465449
330.600016	29.16299279
330.700016	27.03830426
330.800016	17.74443299
330.900016	38.22008326
331.000016	0.71816225
331.100016	43.40847729
331.200016	55.00839727
331.300016	101.43170241
331.400016	99.71913042
331.500016	32.55634052
331.600016	-32.91193392
331.700016	-78.62200636
331.800016	2.93846353
331.900016	25.02812739
332.000016	27.50953794
332.100016	41.43422457
332.200016	-32.04051916
332.300016	17.46043604
332.400016	18.01607194
332.500016	-61.63395164
332.600016	-0.53226861
332.700016	65.39895215
332.800016	10.07208029
332.900016	-88.16695373
333.000016	63.49262890
333.100016	-17.80458545
333.200016	35.29532061
333.300016	101.66029596
333.400016	31.76463753
333.500016	13.91977136
333.600016	-56.57076355
333.700016	-1.03069550
333.800016	10.83657628
333.900016	-86.22653912
334.000016	-90.35539254
334.100016	35.62805332
334.200016	37.39130302
334.300016	38.08782392
334.400016	-24.01928252
334.500016	69.01691099
334.600016	-52.74014860
334.700016	-4.17417242
334.800016	9.82155147
334.900016	56.65989218
335.000016	-105.94597766
335.100016	-56.85961826
335.200016	-1.29650342
335.300016	-37.84530707
335.400016	6.57820787
335.500016	-66.77156482
335.600016	-2.32962696
335.700016	12.72898515
335.800016	-10.60374262
335.900016	11.93889208
336.000016	22.19259727
336.100016	15.14786143
336.200016	-92.64059324
336.300016	10.99423226
336.400016	16.81803772
336.500016	30.15283994
336.600016	47.80138201
336.700016	5.19376523
336.800016	32.18156971
336.900016	-54.15702920
337.000016	-14.75132111
337.100016	134.81508623
337.200016	12.80622764
337.300016	-7.48543736
337.400016	-8.36578609
337.500016	39.35694284
337.600016	191.74892493
337.700016	-41.65656036
337.800016	-19.67574109
337.900016	-58.13841940
338.000016	-71.31761074
338.100016	47.04281091
338.200016	-21.27118900
338.300016	-28.76058716
338.400016	-29.38426778
338.500016	12.01104918
338.600016	31.33893500
338.700016	-10.62216636
338.800016	-84.21358868
338.900016	-57.98788357
339.000016	37.62308173
339.100016	-26.57230880
339.200016	15.93319582
339.300016	29.52549446
339.400016	36.07879533
339.500016	32.35158723
339.600016	108.89775174
339.700016	18.03253793
339.800016	-27.70288453
339.900016	-20.63653614
340.000016	-8.57661561
340.100016	-12.94422764
340.200016	13.87530817
340.300016	-26.94961129
340.400016	98.78506870
340.500016	111.27667312
340.600016	-21.14162083
340.700016	-32.49944293
340.800016	-34.77672507
340.900016	60.67555758
341.000016	-38.46955075
341.100016	29.91353906
341.200016	-56.45238614
341.300016	-53.00883181
341.400016	55.58899886
341.500016	25.13440826
341.600016	-19.30071374
341.700016	52.98300137
341.800016	101.19902853
341.900016	6.32090416
342.000016	-27.11016800
342.100016	-2.49840402
342.200016	-39.82231151
342.300016	49.06819288
342.400016	130.43432572
342.500016	61.20765268
342.600016	106.30383093
342.700016	-134.45348494
342.800016	-62.29297665
342.900016	-124.22244835
343.000016	-8.70479130
343.100016	17.90145627
343.200016	129.96125481
343.300016	10.37110503
343.400016	-72.26332803
343.500016	-16.50415472
343.600016	-0.03559852
343.700016	37.16681631
343.800016	68.34325899
343.900016	76.97397206
344.000016	-40.16229844
344.100016	-37.30274883
344.200016	-114.76159504
344.300016	-36.36929176
344.400016	-4.55670776
344.500016	-2.92152531
344.600016	-15.48238218
344.700016	-69.57131875
344.800016	33.68357128
344.900016	-50.42270877
345.000016	-11.97353866
345.100016	38.35835180
345.200016	40.95077652
345.300016	101.06402906
345.400016	30.00344934
345.500016	-27.09125978
345.600016	-34.27456249
345.700016	27.79022990
345.800016	31.14516152
345.900016	92.50245033
346.000016	29.88497719
346.100016	65.62613368
346.200016	6.40560276
346.300016	77.06327204
346.400016	-50.99882852
346.500016	-38.77832206
346.600016	22.80448278
346.700016	-1.20029290
346.800016	-16.93589056
346.900016	-24.68415588
347.000016	49.87446837
347.100016	8.82881414
347.200016	15.10749056
347.300016	11.95862574
347.400017	-17.86726393
347.500017	-37.95999183
347.600017	42.64249351
347.700017	-7.21331575
347.800017	28.16340160
347.900017	-36.87795901
348.000017	3.46260062
348.100017	-95.20926533
348.200017	-19.01078821
348.300017	-33.34692268
348.400017	2.80528489
348.500017	29.82160577
348.600017	50.31634117
348.700017	-10.31089229
348.800017	-102.24616449
348.900017	-92.89606182
349.000017	-54.71127640
349.100017	-79.57563223
349.200017	107.90133921
349.300017	21.15875694
349.400017	57.81380766
349.500017	-8.54916497
349.600017	-38.30569027
349.700017	-20.96014171
349.800017	58.25467671
349.900017	-35.56811993
350.000017	18.21236823
350.100017	-13.91642810
350.200017	-122.12401711
350.300017	-26.99547167
350.400017	36.41516710
350.500017	-21.07665998
350.600017	-117.90296365
350.700017	-19.11141208
350.800017	-12.78439124
350.900017	88.11422610
351.000017	-156.07477585
351.100017	-55.86808096
351.200017	-44.25378827
351.300017	50.17166492
351.400017	7.53614794
351.500017	54.26060411
351.600017	-116.05532645
351.700017	-62.34233191
351.800017	20.08887281
351.900017	64.42089199
352.000017	12.04519646
352.100017	-54.82673676
352.200017	-88.51843913
352.300017	56.77280768
352.400017	82.97093843
352.500017	-23.12974044
352.600017	-62.46678306
352.700017	-50.69277879
352.800017	12.70813293
352.900017	-7.51052390
353.000017	71.93536874
353.100017	33.13937882
353.200017	-41.22266741
353.300017	90.10660541
353.400017	109.49880352
353.500017	-15.71654462
353.600017	-6.33535155
353.700017	25.57751998
353.800017	8.64004566
353.900017	-33.47574224
354.000017	81.28622301
354.100017	-6.90358489
354.200017	47.39681793
354.300017	67.07124526
354.400017	153.36062686
354.500017	98.41096221
354.600017	-5.98375857
354.700017	-30.92521524
354.800017	22.98274665
354.900017	93.26471281
355.000017	147.74253355
355.100017	-21.85349353
355.200017	-89.27815590
355.300017	51.52641330
355.400017	-75.20995030
355.500017	19.28269732
355.600017	45.78631643
355.700017	75.90537492
355.800017	87.35352273
355.900017	37.23297282
356.000017	-62.46363253
356.100017	-89.86388812
356.200017	-75.80849897
356.300017	-45.53735770
356.400017	34.65999603
356.500017	28.43705633
356.600017	-54.24070980
356.700017	63.73443069
356.800017	29.03801037
356.900017	100.74740970
357.000017	35.16575553
357.100017	16.57350355
357.200017	17.04169935
357.300017	9.06075187
357.400017	-10.58234719
357.500017	-21.77754876
357.600017	26.62201675
357.700017	46.85986795
357.800017	-56.62103745
357.900017	2.67580370
358.000017	38.30300888
358.100017	47.16088629
358.200017	33.34258646
358.300017	-26.22986632
358.400017	-37.45018338
358.500017	-7.25211632
358.600017	74.30104263
358.700017	13.87519353
358.800017	-91.58509179
358.900017	-73.38516568
359.000017	-31.59164849
359.100017	55.95521000
359.200017	3.81575489
359.300017	-61.74497148
359.400017	-6.03325791
359.500017	24.20582068
359.600017	-46.69661707
359.700017	73.59228355
359.800017	12.80277980
359.900017	38.74708536
360.000017	29.96941978
360.100017	-6.69144137
360.200017	-62.16330975
360.300017	-59.15850867
360.400017	23.70469619
360.500017	-37.62699927
360.600017	-2.22798475
360.700017	104.80069499
360.800017	-54.95646108
360.900017	-49.73705306
361.000017	-8.99675081
361.100017	-98.64220136
361.200017	36.80496505
361.300017	18.04784884
361.400017	40.20495381
361.500017	21.36368427
361.600017	72.55860864
361.700017	-16.05662515
361.800017	-48.16383653
361.900017	-24.19938964
362.000017	-28.40540106
362.100017	-43.93648415
362.200017	-101.33055085
362.300017	-118.20286247
362.400017	35.77840362
362.500017	9.96891166
362.600017	-130.87379507
362.700017	-14.02820878
362.800017	14.97350391
362.900017	16.28236490
363.000017	-77.86420356
363.100017	-81.38481491
363.200017	35.81238535
363.300017	37.74897766
363.400017	20.82236025
363.500017	19.73814230
363.600017	7.06483618
363.700017	109.24159057
363.800017	94.63277970
363.900017	-4.94940223
364.000017	50.27889824
364.100017	-53.08270002
364.200017	-69.50180504
364.300017	16.70963283
364.400017	35.66644342
364.500017	22.23375737
364.600017	-29.74114181
364.700017	-53.24454303
364.800017	16.17165333
364.900017	85.64362502
365.000017	21.56370738
365.100017	51.09417466
365.200017	120.23000262
365.300017	-73.73145025
365.400017	-57.50984922
365.500017	-129.10228064
365.600017	-75.47573751
365.700017	-38.25010244
365.800017	108.37296771
365.900017	17.40573382
366.000017	46.24276569
366.100017	-1.06434887
366.200017	41.04272691
366.300017	-14.19444224
366.400017	57.06483383
366.500017	-31.34598909
366.600017	-2.69866446
366.700017	36.79485954
366.800017	47.58862756
366.900017	78.27321825
367.000017	-100.65868067
367.100017	-43.02083008
367.200017	34.65742521
367.300017	-50.54799297
367.400017	-16.93399074
367.500017	-60.14289483
367.600017	-107.86837186
367.700017	-89.67739707
367.800017	-3.74865889
367.900017	1.17476312
368.000017	11.57958131
368.100017	31.16978779
368.200017	42.94493232
368.300017	-10.78188347
368.400017	-47.27488301
368.500018	77.04813593
368.600018	72.70777642
368.700018	136.13091653
368.800018	30.34968058
368.900018	62.41153258
369.000018	20.27075956
369.100018	120.73129790
369.200018	9.18478581
369.300018	-94.05998430
369.400018	-44.54434982
369.500018	-12.73185634
369.600018	-19.83508787
369.700018	-3.22436831
369.800018	-99.79024683
369.900018	-6.95767701
370.000018	-82.11824184
370.100018	-31.20308952
370.200018	0.05557610
370.300018	-55.39641914
370.400018	167.73551875
370.500018	19.52653494
370.600018	-26.89591857
370.700018	-16.04046655
370.800018	-43.54996619
370.900018	-125.91810754
371.000018	-3.88625056
371.100018	66.84396463
371.200018	70.92949631
371.300018	-6.25930103
371.400018	-18.05703484
371.500018	-15.74555513
371.600018	21.16500536
371.700018	72.54767684
371.800018	16.22557258
371.900018	56.88773651
372.000018	-22.32267012
372.100018	-52.19495631
372.200018	-106.32760039
372.300018	-40.53606303
372.400018	-27.47256648
372.500018	-24.46322534
372.600018	39.87373010
372.700018	16.71145182
372.800018	63.62445797
372.900018	-99.98666944
373.000018	17.88562025
373.100018	-67.81910491
373.200018	-81.70305593
373.300018	-20.72495981
373.400018	-32.10266994
373.500018	-50.76923104
373.600018	-15.15793391
373.700018	-96.27936705
373.800018	-26.67865154
373.900018	-17.63689237
374.000018	-22.84338619
374.100018	32.07092535
374.200018	-64.39188737
374.300018	-93.43344639
374.400018	-7.63219917
374.500018	-41.41329888
374.600018	69.16359551
374.700018	36.34349049
374.800018	-23.47031420
374.900018	-48.51285936
375.000018	-70.43220959
375.100018	-42.17887811
375.200018	-21.01772435
375.300018	-9.36192048
375.400018	33.59961781
375.500018	0.95193812
375.600018	-66.81360515
375.700018	-30.90836018
375.800018	1.07335764
375.900018	-25.24258098
376.000018	-29.89185716
376.100018	4.58000953
376.200018	16.79425671
376.300018	46.58048992
376.400018	44.04464460
376.500018	-50.52895641
376.600018	-24.16913005
376.700018	-47.77052565
376.800018	-8.78216641
376.900018	-69.64673590
377.000018	-100.47652185
377.100018	10.25985216
377.200018	80.66577832
377.300018	104.65087089
377.400018	72.38272551
377.500018	-49.24764329
377.600018	-50.27911457
377.700018	44.75916210
377.800018	-103.73355759
377.900018	-37.38707920
378.000018	-27.81495640
378.100018	-18.12106945
378.200018	41.50635158
378.300018	74.89907838
378.400018	-42.95286075
378.500018	49.47455571
378.600018	-39.10520265
378.700018	3.87861629
378.800018	-17.31398863
378.900018	22.26618637
379.000018	27.51095662
379.100018	47.14145882
379.200018	167.56569817
379.300018	19.21992893
379.400018	-50.33246747
379.500018	8.76461446
379.600018	-102.12837541
379.700018	-92.12583616
379.800018	-12.93019720
379.900018	-41.14438193
380.000018	47.65486781
380.100018	-114.38779247
380.200018	10.61682422
380.300018	93.64801389
380.400018	-43.61677355
380.500018	-46.60694473
380.600018	-50.83591413
380.700018	55.03837297
380.800018	134.59157373
380.900018	-11.34350979
381.000018	-23.43073497
381.100018	77.98819931
381.200018	-5.35266707
381.300018	-96.37572674
381.400018	76.99384398
381.500018	-9.40337812
381.600018	-29.38605410
381.700018	-45.66840829
381.800018	-23.33021425
381.900018	65.89530775
382.000018	-52.47903838
382.100018	-106.54885904
382.200018	-19.60117051
382.300018	-63.48071399
382.400018	-36.68380683
382.500018	-5.72710436
382.600018	-5.67373909
382.700018	174.69294187
382.800018	76.81457978
382.900018	34.76203208
383.000018	-35.21012937
383.100018	-0.04107302
383.200018	31.49024645
383.300018	-23.33456951
383.400018	55.13760374
383.500018	26.05875280
383.600018	35.40230138
383.700018	32.66168705
383.800018	3.37119321
383.900018	62.52180227
384.000018	-38.17444902
384.100018	-41.21452871
384.200018	-32.89158702
384.300018	58.87160594
384.400018	-22.83879653
384.500018	-59.02253196
384.600018	-6.52765511
384.700018	76.32266891
384.800018	93.68902989
384.900018	-14.67863721
385.000018	-78.10009155
385.100018	49.98095908
385.200018	1.92273103
385.300018	0.78107351
385.400018	-25.53337047
385.500018	108.96635051
385.600018	118.81201029
385.700018	37.82720272
385.800018	-6.92833624
385.900018	-22.45828745
386.000018	-91.65775064
386.100018	-83.80535528
386.200018	-72.39630944
386.300018	-20.26905152
386.400018	-115.01461152
386.500018	0.64433982
386.600018	12.42677760
386.700018	64.13206252
386.800018	-90.95840402
386.900018	-19.42906388
387.000018	86.76417626
387.100018	61.22443820
387.200018	83.06078333
387.300018	72.01676888
387.400018	4.30593584
387.500018	4.30592186
387.600018	-30.07795175
387.700018	10.59865711
387.800018	-82.76704869
387.900018	-63.56143777
388.000018	-28.28185770
388.100018	-76.29415338
388.200018	-4.94651379
388.300018	101.91977157
388.400018	-24.52070540
388.500018	37.04903770
388.600018	79.46627427
388.700018	-2.13202506
388.800018	71.76825636
388.900018	39.09664972
389.000018	-15.74599155
389.100018	-45.90095038
389.200018	21.36913913
389.300018	17.35019576
389.400018	-74.63557853
389.500019	-75.50815818
389.600019	-165.88534241
389.700019	45.21871191
389.800019	52.40351787
389.900019	-25.33941853
390.000019	-20.54958704
390.100019	93.18243461
390.200019	26.19616821
390.300019	-111.81884428
390.400019	-7.40272004
390.500019	-13.83213308
390.600019	-56.12205916
390.700019	-7.86487555
390.800019	-10.51210689
390.900019	39.57862315
391.000019	-29.60908836
391.100019	2.26610728
391.200019	-20.64255815
391.300019	91.32843753
391.400019	-119.37806054
391.500019	19.26242648
391.600019	-69.27422809
391.700019	-109.96827339
391.800019	-50.09753765
391.900019	-60.01083938
392.000019	-75.60555311
392.100019	-106.76988298
392.200019	28.89399242
392.300019	26.20754606
392.400019	93.16771988
392.500019	-84.89440355
392.600019	4.16426177
392.700019	-92.61789352
392.800019	-41.06257367
392.900019	29.08822967
393.000019	-39.25202393
393.100019	-142.86133785
393.200019	8.84099226
393.300019	107.79829945
393.400019	24.53884990
393.500019	134.93785587
393.600019	3.58434809
393.700019	25.28742594
393.800019	117.73718577
393.900019	-2.94560263
394.000019	79.92671869
394.100019	7.12473901
394.200019	23.74191971
394.300019	21.60564340
394.400019	-62.92299828
394.500019	-55.13330757
394.600019	11.91588595
394.700019	-61.44897170
394.800019	-58.05627631
394.900019	-31.36656257
395.000019	-47.48850491
395.100019	-62.21234196
395.200019	13.22413128
395.300019	12.71890729
395.400019	89.14075016
395.500019	27.21926212
395.600019	92.93875275
395.700019	34.14548083
395.800019	115.68840193
395.900019	13.51775711
396.000019	3.33620851
396.100019	-66.43552458
396.200019	64.72709286
396.300019	18.72711607
396.400019	30.88036354
396.500019	-72.27869822
396.600019	49.18995303
396.700019	-27.48605060
396.800019	3.61522712
396.900019	8.51162162
397.000019	-133.59826886
397.100019	34.73154093
397.200019	-7.54652572
397.300019	-7.81788921
397.400019	17.49379398
397.500019	23.12077540
397.600019	10.37901735
397.700019	-27.75790022
397.800019	-109.66937684
397.900019	-70.20886028
398.000019	4.75589344
398.100019	-23.15722639
398.200019	-56.36604215
398.300019	71.72260286
398.400019	14.83816596
398.500019	-8.33114950
398.600019	13.17951651
398.700019	-83.80990548
398.800019	-38.45921703
398.900019	-92.60775441
399.000019	-41.55658701
399.100019	-47.78833263
399.200019	64.66809518
399.300019	-85.43697918
399.400019	-33.07645697
399.500019	76.12555640
399.600019	-27.85503872
399.700019	132.61294330
399.800019	30.56487515
399.900019	-56.48558041
400.000019	-47.54349771
400.100019	-21.66865047
400.200019	-33.30752411
400.300019	41.19951479
400.400019	-41.52462981
400.500019	-62.22066083
400.600019	4.47090495
400.700019	-70.43130658
400.800019	34.68325107
400.900019	-53.54687606
401.000019	17.49534444
401.100019	-69.93616741
401.200019	-64.24342971
401.300019	-57.91643552
401.400019	32.74296062
401.500019	7.09474494
401.600019	48.15057786
401.700019	83.89615523
401.800019	11.86073362
401.900019	-33.62787890
402.000019	27.34725350
402.100019	-13.63144541
402.200019	-9.82813812
402.300019	45.42612582
402.400019	67.50415580
402.500019	-35.19690860
402.600019	-97.40395568
402.700019	38.58005574
402.800019	16.82390615
402.900019	19.25766684
403.000019	-35.58299383
403.100019	-30.57620314
403.200019	-152.85786384
403.300019	-133.96513506
403.400019	-76.96356475
403.500019	4.07013011
403.600019	113.67130604
403.700019	26.20882513
403.800019	-30.75354724
403.900019	67.33282536
404.000019	5.30678554
404.100019	-6.99457889
404.200019	-120.77323033
404.300019	-65.69163609
404.400019	12.09285167
404.500019	16.60809096
404.600019	7.55243955
404.700019	39.58680678
404.800019	-30.35508120
404.900019	9.27766219
405.000019	39.78443206
405.100019	-7.80117900
405.200019	80.82520321
405.300019	20.25241783
405.400019	50.72975868
405.500019	11.21954440
405.600019	50.99261464
405.700019	20.71405932
405.800019	13.42639202
405.900019	-18.44713081
406.000019	71.89578917
406.100019	81.17362975
406.200019	11.38721817
406.300019	-42.82865523
406.400019	-11.54149861
406.500019	-95.45914907
406.600019	-31.98868357
406.700019	-35.03348179
406.800019	-17.99347692
406.900019	-17.80553635
407.000019	23.59222219
407.100019	46.94601944
407.200019	20.81150350
407.300019	-40.73505417
407.400019	-52.15805780
407.500019	58.53532753
407.600019	-6.29398210
407.700019	-109.09035764
407.800019	-48.59076423
407.900019	78.61194420
408.000019	10.07600059
408.100019	-139.63459394
408.200019	45.68470364
408.300019	-49.50679936
408.400019	-47.72815968
408.500019	-9.71544776
408.600019	31.41504677
408.700019	-69.62670262
408.800019	23.90666294
408.900019	-101.31968764
409.000019	-107.83078007
409.100019	44.44488431
409.200019	-102.75098871
409.300019	-23.94251940
409.400019	18.44655886
409.500019	-15.96767005
409.600019	109.89366890
409.700019	73.62672833
409.800019	-46.55757012
409.900019	-17.75543740
410.000019	-12.86404518
410.100019	108.36386236
410.200019	18.07700393
410.300019	41.11057268
410.400019	-104.56345459
410.500019	0.13714976
410.600020	-42.12165214
410.700020	10.35785020
410.800020	112.45500039
410.900020	28.59493991
411.000020	35.68769976
411.100020	-52.87000507
411.200020	78.29114851
411.300020	21.06394073
411.400020	-44.35476088
411.500020	28.16562219
411.600020	48.47753597
411.700020	-95.25352710
411.800020	-36.95814440
411.900020	9.51850272
412.000020	-57.82983820
412.100020	61.09518132
412.200020	57.47310099
412.300020	-112.02605392
412.400020	7.51821288
412.500020	-66.76467322
412.600020	-55.80658533
412.700020	119.90017235
412.800020	91.32773271
412.900020	73.92099520
413.000020	42.72845392
413.100020	-67.26536866
413.200020	-21.45207892
413.300020	79.30521062
413.400020	41.83210407
413.500020	-54.61397610
413.600020	42.33680666
413.700020	-47.07474247
413.800020	110.59260059
413.900020	49.23710173
414.000020	41.19596951
414.100020	57.86071591
414.200020	-22.99086133
414.300020	-41.63128129
414.400020	217.40501577
414.500020	25.55585925
414.600020	-114.57391608
414.700020	20.69496790
414.800020	49.75361289
414.900020	-125.38106235
415.000020	133.68973714
415.100020	-32.96551434
415.200020	-50.19822131
415.300020	-55.33134512
415.400020	3.34003447
415.500020	42.96585821
415.600020	-40.18359467
415.700020	-75.77555069
415.800020	-73.45359087
415.900020	109.65900087
416.000020	36.38745435
416.100020	-21.25874116
416.200020	69.37107640
416.300020	26.66775197
416.400020	-1.10926485
416.500020	35.76850506
416.600020	-75.42197060
416.700020	7.43780145
416.800020	113.29205966
416.900020	40.44628708
417.000020	18.83225532
417.100020	97.55883240
417.200020	-120.20712044
417.300020	-81.38998757
417.400020	56.82804382
417.500020	59.37919232
417.600020	-60.75807976
417.700020	-41.09061937
417.800020	48.23658770
417.900020	-29.80196647
418.000020	107.47715790
418.100020	50.03472370
418.200020	-55.80197258
418.300020	25.28721538
418.400020	-0.21355410
418.500020	47.46253449
418.600020	-36.09055136
418.700020	2.00208145
418.800020	38.97251695
418.900020	21.10055224
419.000020	-16.45346771
419.100020	18.47371559
419.200020	-53.26193759
419.300020	-45.77667609
419.400020	50.43638000
419.500020	-18.89148362
419.600020	73.64282709
419.700020	-8.43399403
419.800020	-36.68040771
419.900020	12.94590546
420.000020	71.32513840
420.100020	-18.61141565
420.200020	-0.45536583
420.300020	143.52123334
420.400020	54.97940866
420.500020	-31.23345996
420.600020	-53.70676954
420.700020	-36.62592959
420.800020	-15.78564990
420.900020	-16.69652917
421.000020	11.02928826
421.100020	-109.23512673
421.200020	-63.58180474
421.300020	40.17433569
421.400020	89.09754216
421.500020	18.55285512
421.600020	-5.82689454
421.700020	71.14803041
421.800020	-15.62364356
421.900020	-1.20165520
422.000020	-16.36912727
422.100020	12.45091938
