# Per-particle forces (Hartree/Bohr). Reference: cav-hoomd.
# particle  Fx_openmm  Fy_openmm  Fz_openmm  Fx_hoomd  Fy_hoomd  Fz_hoomd  max_abs_diff
0  5.397893e-03  -1.402736e-03  -1.541628e-02  5.400090e-03  -1.405021e-03  -1.541983e-02  3.552150e-06
1  -6.567990e-03  1.353437e-03  1.648747e-02  -6.568235e-03  1.351999e-03  1.648993e-02  2.452166e-06
2  2.326385e-03  -3.015102e-04  -2.071678e-03  2.325365e-03  -3.030676e-04  -2.073248e-03  1.569301e-06
3  -1.419228e-03  -1.041357e-03  1.880420e-03  -1.415835e-03  -1.042874e-03  1.880277e-03  3.392694e-06
4  -1.037911e-03  -7.846079e-03  -1.719182e-02  -1.035746e-03  -7.849090e-03  -1.719165e-02  3.010821e-06
5  4.722925e-04  8.602795e-03  1.852671e-02  4.744942e-04  8.601704e-03  1.853272e-02  6.009356e-06
6  3.899372e-03  -9.309344e-03  -7.632872e-03  3.899552e-03  -9.307929e-03  -7.633239e-03  1.415640e-06
7  -2.625315e-03  9.700777e-03  6.533953e-03  -2.625069e-03  9.700782e-03  6.536119e-03  2.165750e-06
8  1.527551e-03  2.099735e-03  2.145480e-03  1.528884e-03  2.101851e-03  2.146944e-03  2.116071e-06
9  -1.468846e-03  -1.239378e-03  -1.504902e-03  -1.469520e-03  -1.240951e-03  -1.504694e-03  1.573557e-06
10  -3.741504e-03  -2.700011e-03  -9.963106e-04  -3.743742e-03  -2.701189e-03  -9.947398e-04  2.237640e-06
11  3.019545e-03  3.728768e-03  2.341383e-03  3.021214e-03  3.732350e-03  2.339522e-03  3.581493e-06
12  -3.394250e-02  1.975087e-02  3.205260e-03  -3.334383e-02  1.932591e-02  3.159698e-03  5.986756e-04
13  3.300537e-02  -2.062435e-02  -1.884983e-03  3.240911e-02  -2.020104e-02  -1.836283e-03  5.962652e-04
14  -2.071413e-03  -2.221481e-03  -3.785000e-03  -2.076007e-03  -2.222914e-03  -3.786890e-03  4.594489e-06
15  2.019460e-03  7.929470e-04  6.251791e-03  2.020817e-03  7.929015e-04  6.251962e-03  1.357813e-06
16  3.858800e-03  -1.429288e-03  8.431119e-03  3.864088e-03  -1.429241e-03  8.433413e-03  5.287695e-06
17  -6.260633e-03  1.139485e-04  -7.281012e-03  -6.258679e-03  1.117176e-04  -7.275547e-03  5.464721e-06
18  -1.041341e-03  -1.955259e-02  -6.708461e-02  -1.044188e-03  -1.955106e-02  -6.708644e-02  2.846831e-06
19  -5.013839e-04  1.960538e-02  6.777929e-02  -5.001057e-04  1.960610e-02  6.777416e-02  5.129431e-06
20  -1.900971e-02  -1.140684e-03  -1.987058e-02  -1.901191e-02  -1.140940e-03  -1.987179e-02  2.193014e-06
21  1.964844e-02  8.532731e-04  1.777022e-02  1.964940e-02  8.532958e-04  1.776942e-02  9.637555e-07
22  -1.928105e-02  2.294299e-03  2.717573e-02  -1.928159e-02  2.292497e-03  2.717882e-02  3.089409e-06
23  1.762378e-02  -7.141981e-04  -2.788138e-02  1.762504e-02  -7.159824e-04  -2.788325e-02  1.874520e-06
24  7.775254e-03  4.687059e-03  1.968700e-05  7.777264e-03  4.687828e-03  1.968834e-05  2.010180e-06
25  -7.140121e-03  -3.904510e-03  -1.776382e-03  -7.138152e-03  -3.904008e-03  -1.775754e-03  1.969445e-06
26  -1.182377e-02  2.204751e-03  -4.626864e-03  -1.182277e-02  2.205518e-03  -4.627598e-03  9.947563e-07
27  1.359631e-02  -3.895681e-03  3.689547e-03  1.359749e-02  -3.894017e-03  3.690034e-03  1.664202e-06
28  -2.182385e-02  -1.560774e-02  2.104348e-02  -2.182552e-02  -1.560737e-02  2.104244e-02  1.667619e-06
29  2.111836e-02  1.706487e-02  -2.129952e-02  2.111996e-02  1.706390e-02  -2.130040e-02  1.603598e-06
30  1.521806e-02  -7.891596e-03  2.035981e-02  1.522243e-02  -7.892371e-03  2.036324e-02  4.374119e-06
31  -1.391750e-02  7.278791e-03  -2.058995e-02  -1.391710e-02  7.280094e-03  -2.058856e-02  1.396617e-06
32  -4.741908e-03  9.202315e-03  3.623825e-04  -4.741946e-03  9.200254e-03  3.643909e-04  2.060086e-06
33  4.136213e-03  -7.960009e-03  8.900588e-04  4.134020e-03  -7.960770e-03  8.894862e-04  2.193458e-06
34  -7.570426e-04  7.315022e-03  -8.168117e-03  -7.588252e-04  7.312399e-03  -8.171723e-03  3.606050e-06
35  1.624105e-03  -8.703358e-03  7.923668e-03  1.626617e-03  -8.703744e-03  7.926403e-03  2.735674e-06
36  2.668088e-02  2.317008e-02  4.925565e-02  2.668184e-02  2.317317e-02  4.925590e-02  3.095691e-06
37  -2.698059e-02  -2.290385e-02  -4.926856e-02  -2.698024e-02  -2.290230e-02  -4.926839e-02  1.546220e-06
38  3.560042e-02  3.600163e-02  -9.366964e-03  3.560146e-02  3.600478e-02  -9.366651e-03  3.143803e-06
39  -3.337497e-02  -3.279628e-02  9.915900e-03  -3.337899e-02  -3.279814e-02  9.918058e-03  4.027133e-06
40  -4.047575e-03  -5.845317e-03  2.775706e-03  -4.047731e-03  -5.845115e-03  2.777032e-03  1.326214e-06
41  3.088347e-03  5.070373e-03  -2.030032e-03  3.087368e-03  5.066951e-03  -2.031683e-03  3.422009e-06
42  7.276644e-03  6.370192e-03  -3.851537e-03  7.275871e-03  6.369762e-03  -3.853098e-03  1.561053e-06
43  -4.542815e-03  -6.045910e-03  4.481391e-03  -4.540779e-03  -6.044143e-03  4.479715e-03  2.035724e-06
44  -1.053721e-02  -2.394168e-03  -3.640468e-03  -9.835816e-03  -2.129509e-03  -3.455896e-03  7.013896e-04
45  1.170921e-02  5.381406e-03  1.894963e-03  1.100663e-02  5.118006e-03  1.710559e-03  7.025803e-04
46  9.140443e-03  1.467508e-02  -3.192099e-02  9.139781e-03  1.467675e-02  -3.192231e-02  1.671491e-06
47  -1.141671e-02  -1.427647e-02  3.056278e-02  -1.141546e-02  -1.427552e-02  3.056269e-02  1.247845e-06
48  1.722987e-02  9.139289e-03  4.695549e-02  1.722901e-02  9.140148e-03  4.695892e-02  3.426963e-06
49  -1.432293e-02  -9.272641e-03  -4.646837e-02  -1.432291e-02  -9.273193e-03  -4.646870e-02  5.520751e-07
50  9.208501e-04  5.472429e-03  1.299247e-02  9.204548e-04  5.472615e-03  1.299140e-02  1.067944e-06
51  -6.972564e-04  -4.805591e-03  -1.305750e-02  -6.957687e-04  -4.806912e-03  -1.305951e-02  2.010201e-06
52  8.905554e-03  3.973814e-03  1.063438e-03  8.903434e-03  3.971037e-03  1.064299e-03  2.776347e-06
53  -7.686760e-03  -4.933818e-03  2.753910e-03  -7.682733e-03  -4.933379e-03  2.755202e-03  4.026937e-06
54  -5.548864e-02  -2.880526e-02  -2.287331e-02  -5.548421e-02  -2.880147e-02  -2.287065e-02  4.438822e-06
55  5.654357e-02  2.884800e-02  2.069104e-02  5.653866e-02  2.884799e-02  2.068868e-02  4.915047e-06
56  3.760333e-03  -3.742850e-03  1.813121e-03  3.762193e-03  -3.745533e-03  1.814828e-03  2.682184e-06
57  -5.060418e-03  1.836415e-03  -9.156084e-05  -5.062139e-03  1.836909e-03  -9.646078e-05  4.899937e-06
58  -2.731822e-02  -2.587615e-02  -2.091046e-02  -2.731753e-02  -2.587601e-02  -2.090975e-02  7.136382e-07
59  2.750107e-02  2.724158e-02  2.086484e-02  2.750146e-02  2.724027e-02  2.086338e-02  1.454829e-06
60  -3.781281e-02  2.914343e-02  3.077459e-02  -3.781357e-02  2.914515e-02  3.077544e-02  1.721908e-06
61  3.540881e-02  -3.041927e-02  -3.080125e-02  3.540979e-02  -3.042031e-02  -3.080307e-02  1.819214e-06
62  -2.947992e-02  -2.982773e-03  1.054116e-02  -2.947666e-02  -2.983040e-03  1.054094e-02  3.257476e-06
63  2.857349e-02  2.497086e-03  -1.070999e-02  2.856992e-02  2.495744e-03  -1.070972e-02  3.567227e-06
64  1.769522e-03  7.883858e-04  -2.164738e-03  1.769507e-03  7.889148e-04  -2.163070e-03  1.668088e-06
65  -2.817499e-03  -3.177142e-03  -4.233120e-04  -2.818421e-03  -3.177899e-03  -4.274025e-04  4.090517e-06
66  2.373755e-03  2.658280e-03  -7.239234e-03  2.375996e-03  2.660205e-03  -7.238975e-03  2.241012e-06
67  -1.847733e-03  -4.323557e-03  6.856852e-03  -1.847440e-03  -4.326129e-03  6.856714e-03  2.572287e-06
68  8.648513e-03  1.888588e-03  3.294840e-04  8.650187e-03  1.889749e-03  3.300627e-04  1.673550e-06
69  -6.738887e-03  -3.083686e-03  -7.576638e-04  -6.739465e-03  -3.083180e-03  -7.592360e-04  1.572208e-06
70  -7.424545e-03  -4.022564e-02  -1.485562e-02  -7.425511e-03  -4.022591e-02  -1.485416e-02  1.457224e-06
71  6.225012e-03  3.906785e-02  1.515839e-02  6.224553e-03  3.906677e-02  1.515938e-02  1.086321e-06
72  1.235866e-02  1.632509e-03  3.950671e-04  1.236107e-02  1.632179e-03  3.981973e-04  3.130227e-06
73  -1.218287e-02  -4.687926e-03  -1.118467e-03  -1.218206e-02  -4.689639e-03  -1.120401e-03  1.933815e-06
74  -4.359935e-03  -7.027372e-03  -4.608481e-03  -4.357357e-03  -7.025625e-03  -4.607966e-03  2.577289e-06
75  3.551756e-03  5.710457e-03  2.984700e-03  3.551965e-03  5.711528e-03  2.987534e-03  2.834311e-06
76  -6.709451e-03  -1.091815e-02  -1.308826e-02  -6.707526e-03  -1.091862e-02  -1.308748e-02  1.924874e-06
77  4.966298e-03  7.768514e-03  1.479708e-02  4.965881e-03  7.768467e-03  1.479750e-02  4.185831e-07
78  -2.099900e-03  1.024897e-03  -1.208756e-03  -2.100277e-03  1.026145e-03  -1.207356e-03  1.400596e-06
79  8.262935e-04  1.131814e-03  2.575716e-03  8.246558e-04  1.131919e-03  2.577147e-03  1.637769e-06
80  1.671061e-03  4.044784e-02  -1.325566e-02  1.671031e-03  4.044933e-02  -1.325904e-02  3.378254e-06
81  -1.613437e-03  -4.059635e-02  1.253443e-02  -1.613285e-03  -4.059560e-02  1.253582e-02  1.391348e-06
82  -3.887806e-03  -1.023160e-02  3.287436e-03  -3.887584e-03  -1.023201e-02  3.289382e-03  1.945209e-06
83  3.983943e-03  1.014312e-02  -3.523453e-03  3.986092e-03  1.014573e-02  -3.523577e-03  2.614390e-06
84  -4.954441e-03  1.053066e-02  6.584937e-03  -4.953306e-03  1.052963e-02  6.583223e-03  1.714557e-06
85  5.187866e-03  -9.395714e-03  -2.554240e-03  5.184793e-03  -9.394593e-03  -2.551168e-03  3.073441e-06
86  2.996120e-03  2.135565e-03  3.139393e-03  2.509733e-03  1.967342e-03  2.542309e-03  5.970840e-04
87  -3.038984e-03  -1.201666e-03  -3.788571e-03  -2.548154e-03  -1.029460e-03  -3.190579e-03  5.979922e-04
88  2.203249e-03  -3.153631e-04  1.937214e-03  2.206227e-03  -3.152059e-04  1.940127e-03  2.978236e-06
89  -3.130316e-03  1.486035e-03  -1.481855e-03  -3.127701e-03  1.486513e-03  -1.482631e-03  2.614940e-06
90  6.893610e-03  3.221173e-03  -2.095843e-03  6.893630e-03  3.224255e-03  -2.096221e-03  3.081520e-06
91  -5.671712e-03  -2.797317e-03  1.720204e-03  -5.676496e-03  -2.797591e-03  1.721224e-03  4.783689e-06
92  -1.369495e-02  6.098028e-04  -6.449224e-03  -1.369486e-02  6.104443e-04  -6.449835e-03  6.414935e-07
93  1.412472e-02  -7.069290e-04  6.982708e-03  1.412633e-02  -7.050248e-04  6.982036e-03  1.904185e-06
94  3.327580e-02  1.062558e-02  3.559596e-02  3.327424e-02  1.062320e-02  3.559559e-02  2.382089e-06
95  -3.424523e-02  -9.697779e-03  -3.418692e-02  -3.424781e-02  -9.696502e-03  -3.418964e-02  2.715989e-06
96  2.511378e-03  8.589504e-04  -1.837830e-02  2.512661e-03  8.597014e-04  -1.837352e-02  4.779387e-06
97  -4.275369e-03  -1.817042e-03  1.914473e-02  -4.277696e-03  -1.817877e-03  1.914203e-02  2.700149e-06
98  8.987594e-03  5.866960e-03  -8.649315e-04  8.988695e-03  5.867897e-03  -8.661959e-04  1.264429e-06
99  -6.785431e-03  -5.681927e-03  2.036668e-03  -6.787617e-03  -5.681479e-03  2.036724e-03  2.186830e-06
100  1.947472e-02  -2.596824e-02  2.065426e-02  1.947460e-02  -2.596838e-02  2.065514e-02  8.774634e-07
101  -1.940401e-02  2.554723e-02  -1.971998e-02  -1.940793e-02  2.554515e-02  -1.972034e-02  3.918087e-06
102  -9.341726e-03  2.177111e-02  2.877575e-04  -9.341507e-03  2.176868e-02  2.907646e-04  3.007061e-06
103  6.881836e-03  -2.285583e-02  1.065894e-03  6.883567e-03  -2.285320e-02  1.067848e-03  2.626049e-06
104  1.761686e-02  -1.117856e-03  1.245749e-03  1.761662e-02  -1.117343e-03  1.246141e-03  5.135852e-07
105  -1.843578e-02  -1.202417e-03  1.602848e-03  -1.843884e-02  -1.204173e-03  1.601960e-03  3.054081e-06
106  -7.358664e-03  1.685344e-02  -2.613185e-03  -7.360197e-03  1.685629e-02  -2.611602e-03  2.847659e-06
107  7.547135e-03  -1.681963e-02  6.335319e-03  7.545569e-03  -1.682296e-02  6.337299e-03  3.329964e-06
108  4.018617e-03  -6.727742e-03  -3.430495e-03  4.378283e-03  -7.402105e-03  -3.682643e-03  6.743631e-04
109  -3.290607e-03  6.380082e-03  3.015047e-03  -3.650349e-03  7.052772e-03  3.263845e-03  6.726903e-04
110  -1.001628e-02  1.022599e-02  -7.236874e-04  -1.001651e-02  1.022719e-02  -7.238131e-04  1.199865e-06
111  1.007953e-02  -1.211881e-02  1.176722e-03  1.007797e-02  -1.211896e-02  1.175885e-03  1.559137e-06
112  -2.767792e-03  -2.189751e-02  -2.378671e-02  -2.769342e-03  -2.189839e-02  -2.378927e-02  2.561706e-06
113  3.857442e-03  2.259373e-02  2.384434e-02  3.858134e-03  2.259344e-02  2.384190e-02  2.434264e-06
114  1.790413e-03  1.337945e-03  -1.503831e-02  1.789170e-03  1.338273e-03  -1.503937e-02  1.242973e-06
115  -2.589440e-04  6.606173e-04  1.622809e-02  -2.574645e-04  6.632417e-04  1.622766e-02  2.624402e-06
116  4.418978e-03  1.053805e-02  -1.825500e-03  4.419795e-03  1.053903e-02  -1.821810e-03  3.689686e-06
117  -6.209986e-03  -1.159497e-02  2.424071e-03  -6.207755e-03  -1.159794e-02  2.422609e-03  2.967577e-06
118  6.508320e-03  1.148369e-02  -1.259067e-03  6.506517e-03  1.148241e-02  -1.259976e-03  1.802690e-06
119  -5.799246e-03  -1.060975e-02  1.468548e-03  -5.793301e-03  -1.060456e-02  1.469771e-03  5.945122e-06
120  -2.807672e-03  2.284347e-03  -6.092771e-04  -2.805352e-03  2.285764e-03  -6.082790e-04  2.320229e-06
121  3.161418e-03  -1.292543e-03  -1.935011e-04  3.162917e-03  -1.296032e-03  -1.920083e-04  3.489923e-06
122  -9.551793e-03  -4.162438e-03  -3.852733e-03  -9.549870e-03  -4.162191e-03  -3.852703e-03  1.923783e-06
123  1.265225e-02  2.226515e-03  2.923532e-03  1.265227e-02  2.228755e-03  2.923918e-03  2.239735e-06
124  -3.371617e-04  5.827408e-04  9.544040e-04  -3.415763e-04  5.809855e-04  9.539870e-04  4.414634e-06
125  -6.703355e-05  -3.769717e-04  -8.393163e-04  -6.494884e-05  -3.761472e-04  -8.416766e-04  2.360311e-06
126  1.050754e-02  -1.978852e-02  3.386511e-03  1.050880e-02  -1.978518e-02  3.386323e-03  3.338199e-06
127  -1.084079e-02  2.124956e-02  -1.107416e-03  -1.084006e-02  2.124773e-02  -1.107844e-03  1.832384e-06
128  -9.745865e-03  1.937395e-03  1.356764e-02  -9.745930e-03  1.936234e-03  1.356868e-02  1.160956e-06
129  8.786125e-03  -3.194423e-03  -1.435603e-02  8.789002e-03  -3.195791e-03  -1.435583e-02  2.877804e-06
130  2.675056e-02  7.406492e-03  -2.031538e-02  2.674693e-02  7.403832e-03  -2.031146e-02  3.921709e-06
131  -2.277273e-02  -9.746333e-03  1.968152e-02  -2.277244e-02  -9.746611e-03  1.968190e-02  3.829022e-07
132  4.556812e-02  1.696256e-02  -3.547863e-02  4.557022e-02  1.696323e-02  -3.548008e-02  2.096723e-06
133  -4.490070e-02  -1.601834e-02  3.570533e-02  -4.489819e-02  -1.602067e-02  3.570654e-02  2.511533e-06
134  6.923924e-03  8.243001e-03  -5.361001e-03  6.925833e-03  8.241835e-03  -5.359159e-03  1.909150e-06
135  -9.248853e-03  -7.764035e-03  3.363585e-03  -9.249139e-03  -7.763863e-03  3.366263e-03  2.677870e-06
136  2.528986e-03  1.723771e-02  1.224051e-02  2.529048e-03  1.724068e-02  1.224009e-02  2.964176e-06
137  -1.794069e-03  -1.682900e-02  -1.327906e-02  -1.793410e-03  -1.682604e-02  -1.327668e-02  2.953398e-06
138  6.123026e-03  7.085385e-04  -1.841542e-03  6.125842e-03  7.055483e-04  -1.842755e-03  2.990207e-06
139  -6.014575e-03  5.794300e-04  1.876633e-03  -6.008201e-03  5.770794e-04  1.879592e-03  6.374304e-06
140  -2.501731e-03  -9.488654e-04  -4.054392e-03  -2.501412e-03  -9.511894e-04  -4.052976e-03  2.323967e-06
141  1.043127e-03  2.520718e-03  4.912646e-03  1.040999e-03  2.519208e-03  4.912467e-03  2.128851e-06
142  5.815484e-03  -2.292466e-02  2.400259e-02  5.816147e-03  -2.292622e-02  2.400261e-02  1.557198e-06
143  -2.191774e-03  2.303759e-02  -2.341182e-02  -2.191804e-03  2.303585e-02  -2.341296e-02  1.734540e-06
144  3.801599e-02  -3.425267e-02  1.270540e-02  3.801435e-02  -3.425446e-02  1.270486e-02  1.791360e-06
145  -3.966835e-02  3.566996e-02  -1.263012e-02  -3.966828e-02  3.567083e-02  -1.262597e-02  4.144066e-06
146  -2.874318e-03  6.561008e-03  -1.339179e-02  -2.876122e-03  6.558457e-03  -1.339195e-02  2.550977e-06
147  6.140498e-04  -9.046866e-03  1.314655e-02  6.148797e-04  -9.046425e-03  1.314421e-02  2.345766e-06
148  -2.653327e-04  -3.436845e-03  -2.060876e-03  -2.680807e-04  -3.438751e-03  -2.060577e-03  2.748024e-06
149  9.185434e-04  2.194471e-03  2.284384e-03  9.207753e-04  2.195921e-03  2.284071e-03  2.231832e-06
150  2.568706e-03  -7.250464e-04  -2.824720e-03  2.563404e-03  -7.262840e-04  -2.823365e-03  5.302219e-06
151  -3.283409e-03  1.579859e-03  3.334641e-03  -3.284864e-03  1.578962e-03  3.332929e-03  1.712121e-06
152  1.197697e-02  -1.776206e-02  -1.348613e-02  1.197632e-02  -1.776473e-02  -1.348706e-02  2.661733e-06
153  -1.130024e-02  2.225369e-02  1.114949e-02  -1.130153e-02  2.225175e-02  1.114782e-02  1.937499e-06
154  1.177159e-04  -1.164707e-03  2.350254e-03  1.154039e-04  -1.165068e-03  2.349902e-03  2.312002e-06
155  1.205625e-03  4.602245e-04  -3.003928e-03  1.205986e-03  4.615977e-04  -3.001413e-03  2.515657e-06
156  7.150057e-03  7.350751e-03  5.250999e-03  7.675848e-03  7.809243e-03  5.583831e-03  5.257909e-04
157  -5.967256e-03  -8.653791e-03  -4.266385e-03  -6.489309e-03  -9.112099e-03  -4.598725e-03  5.220524e-04
158  -3.315875e-03  -1.876818e-03  2.940875e-03  -3.319446e-03  -1.878132e-03  2.941905e-03  3.571495e-06
159  3.830324e-03  3.258360e-03  -8.069625e-04  3.828689e-03  3.255420e-03  -8.059353e-04  2.939328e-06
160  -1.398063e-04  3.609007e-04  4.719480e-03  -1.430621e-04  3.584253e-04  4.716200e-03  3.280031e-06
161  -8.470669e-04  -6.372185e-04  -3.666077e-03  -8.481758e-04  -6.347282e-04  -3.666466e-03  2.490256e-06
162  -2.631773e-02  2.465786e-02  4.243165e-03  -2.631709e-02  2.465886e-02  4.244384e-03  1.218723e-06
163  2.588174e-02  -2.542878e-02  -3.431101e-03  2.588051e-02  -2.542884e-02  -3.432249e-03  1.229940e-06
164  2.598173e-03  -1.882864e-02  -8.275175e-03  2.682185e-03  -1.949447e-02  -8.655662e-03  6.658312e-04
165  -9.491574e-04  1.851016e-02  8.649416e-03  -1.031928e-03  1.917598e-02  9.030777e-03  6.658197e-04
166  1.626290e-02  2.610655e-02  -1.670586e-02  1.626228e-02  2.611030e-02  -1.670818e-02  3.744125e-06
167  -1.392513e-02  -2.553894e-02  1.373065e-02  -1.392498e-02  -2.553929e-02  1.373036e-02  3.530160e-07
168  5.767583e-03  1.831802e-03  1.529495e-03  5.765798e-03  1.834681e-03  1.529311e-03  2.878158e-06
169  -7.792333e-03  -2.895157e-03  -1.097594e-03  -7.790263e-03  -2.896334e-03  -1.093988e-03  3.605687e-06
170  -5.843191e-03  -1.985745e-02  -3.474701e-03  -5.843659e-03  -1.985424e-02  -3.474584e-03  3.215859e-06
171  3.411354e-03  1.853446e-02  1.557421e-03  3.412463e-03  1.853528e-02  1.553702e-03  3.718484e-06
172  -3.611452e-02  -1.013370e-02  3.304940e-03  -3.610839e-02  -1.013131e-02  3.304206e-03  6.128805e-06
173  3.605364e-02  1.202976e-02  -3.879922e-03  3.604822e-02  1.202694e-02  -3.878127e-03  5.424068e-06
174  -4.241189e-03  -7.933252e-03  1.686247e-03  -4.245374e-03  -7.932116e-03  1.684619e-03  4.185295e-06
175  3.699020e-03  7.266837e-03  -1.417874e-03  3.701485e-03  7.270324e-03  -1.417788e-03  3.487282e-06
176  1.859184e-02  2.078851e-02  5.970066e-03  1.808709e-02  2.016548e-02  5.844534e-03  6.230298e-04
177  -2.005316e-02  -2.088975e-02  -6.156775e-03  -1.955064e-02  -2.026572e-02  -6.028770e-03  6.240243e-04
178  9.017165e-03  1.198072e-02  6.507790e-03  9.017737e-03  1.198001e-02  6.505982e-03  1.808000e-06
179  -1.184480e-02  -1.056015e-02  -4.057484e-03  -1.184259e-02  -1.056000e-02  -4.060019e-03  2.534618e-06
180  -5.736428e-04  -1.259012e-02  6.023044e-03  -5.747251e-04  -1.259068e-02  6.025394e-03  2.349397e-06
181  3.152725e-04  1.174427e-02  -5.464171e-03  3.145969e-04  1.174742e-02  -5.464081e-03  3.148063e-06
182  2.112569e-02  2.124356e-02  3.766217e-02  2.073742e-02  2.089822e-02  3.705891e-02  6.032654e-04
183  -2.030763e-02  -2.154619e-02  -3.893519e-02  -1.991936e-02  -2.119913e-02  -3.833067e-02  6.045159e-04
184  1.957005e-02  -5.681907e-03  -2.054504e-02  1.957151e-02  -5.677911e-03  -2.054866e-02  3.995891e-06
185  -1.918436e-02  5.928858e-03  1.946868e-02  -1.918438e-02  5.929092e-03  1.947097e-02  2.292925e-06
186  -7.583670e-03  -7.828965e-05  7.761858e-03  -7.585537e-03  -7.804543e-05  7.763255e-03  1.867369e-06
187  7.855164e-03  8.907757e-04  -6.382141e-03  7.856054e-03  8.892205e-04  -6.382247e-03  1.555163e-06
188  2.191524e-03  7.177565e-03  1.499257e-03  2.194175e-03  7.171462e-03  1.498822e-03  6.103372e-06
189  -9.002892e-04  -4.400052e-03  -2.091673e-04  -9.008726e-04  -4.394697e-03  -2.084863e-04  5.355210e-06
190  -4.335867e-03  -2.463163e-03  2.837880e-02  -4.334325e-03  -2.463024e-03  2.837490e-02  3.903541e-06
191  1.677611e-03  4.301463e-03  -2.868499e-02  1.676995e-03  4.302078e-03  -2.868165e-02  3.340701e-06
192  2.867576e-03  -3.203444e-03  -1.332995e-03  2.863874e-03  -3.203696e-03  -1.335411e-03  3.702123e-06
193  -4.372499e-03  3.591752e-03  1.890674e-03  -4.368758e-03  3.591109e-03  1.890255e-03  3.740317e-06
194  -2.172736e-03  -4.872536e-04  1.171141e-03  -2.170816e-03  -4.877602e-04  1.169552e-03  1.919678e-06
195  2.078984e-03  3.656899e-04  -2.155003e-04  2.076498e-03  3.653418e-04  -2.171779e-04  2.485714e-06
196  4.642809e-04  6.283967e-04  -2.987677e-03  4.669583e-04  6.286613e-04  -2.988279e-03  2.677413e-06
197  9.188383e-05  -3.159986e-05  2.263305e-03  9.505783e-05  -2.927093e-05  2.263255e-03  3.173999e-06
198  6.391995e-03  -1.382851e-02  -2.751523e-03  6.396264e-03  -1.383038e-02  -2.748917e-03  4.269276e-06
199  -8.206517e-03  1.432465e-02  4.675581e-03  -8.208384e-03  1.432418e-02  4.673156e-03  2.424514e-06
200  -1.055760e-02  3.022375e-02  -3.195589e-02  -1.055921e-02  3.022595e-02  -3.195897e-02  3.082966e-06
201  9.931638e-03  -3.124488e-02  3.397930e-02  9.933265e-03  -3.124572e-02  3.397750e-02  1.799210e-06
202  9.819316e-04  1.534429e-03  1.410186e-02  9.804257e-04  1.536263e-03  1.410107e-02  1.833584e-06
203  -2.160450e-03  -1.313035e-03  -1.460145e-02  -2.157083e-03  -1.312478e-03  -1.460105e-02  3.366670e-06
204  -4.162492e-03  9.790206e-03  1.236475e-04  -4.165565e-03  9.791590e-03  1.225558e-04  3.072285e-06
205  3.592265e-03  -9.982278e-03  1.864582e-04  3.590389e-03  -9.983211e-03  1.858510e-04  1.876592e-06
206  -6.903305e-02  1.123350e-02  -2.867954e-02  -6.903314e-02  1.123428e-02  -2.867790e-02  1.638312e-06
207  6.946228e-02  -1.231465e-02  2.877355e-02  6.945918e-02  -1.231726e-02  2.877591e-02  3.106099e-06
208  4.703438e-03  3.005369e-03  -1.025819e-04  4.699729e-03  3.005651e-03  -1.034852e-04  3.709445e-06
209  -4.403804e-03  -4.285556e-03  -9.829841e-04  -4.403878e-03  -4.286495e-03  -9.828899e-04  9.392527e-07
210  -3.455992e-03  2.313900e-03  2.091743e-03  -3.459373e-03  2.318683e-03  2.093590e-03  4.782324e-06
211  2.809260e-03  -4.752634e-03  -2.047834e-04  2.806516e-03  -4.752801e-03  -2.091029e-04  4.319546e-06
212  -2.021482e-04  2.716807e-03  2.941437e-03  -2.035784e-04  2.715917e-03  2.938927e-03  2.510216e-06
213  1.210462e-03  -1.097224e-03  -1.464404e-03  1.212677e-03  -1.096883e-03  -1.459298e-03  5.106482e-06
214  1.095872e-02  -2.076333e-03  -6.203917e-03  1.095508e-02  -2.076450e-03  -6.205569e-03  3.634803e-06
215  -1.158936e-02  1.328273e-03  7.123303e-03  -1.158995e-02  1.329600e-03  7.123576e-03  1.326268e-06
216  -3.442613e-03  -9.971633e-04  3.404661e-03  -2.740618e-03  -8.374956e-04  3.036234e-03  7.019957e-04
217  5.174196e-03  1.579083e-03  -2.273801e-03  4.470604e-03  1.419454e-03  -1.904028e-03  7.035925e-04
218  -5.105918e-03  -2.932405e-03  4.660803e-03  -5.108630e-03  -2.930307e-03  4.663515e-03  2.711695e-06
219  6.374222e-03  2.252479e-03  -3.515498e-03  6.377048e-03  2.251708e-03  -3.517896e-03  2.825333e-06
220  -1.089332e-02  -9.435263e-03  6.079923e-03  -1.089353e-02  -9.436757e-03  6.082455e-03  2.531896e-06
221  9.196254e-03  1.167074e-02  -2.834164e-03  9.197065e-03  1.167182e-02  -2.835464e-03  1.300013e-06
222  6.243113e-04  -7.588484e-03  5.049984e-03  6.240346e-04  -7.584206e-03  5.049125e-03  4.277981e-06
223  -2.878948e-03  5.858025e-03  -3.492473e-03  -2.883476e-03  5.856767e-03  -3.492555e-03  4.527696e-06
224  -5.460530e-03  -5.800543e-03  -3.529557e-03  -5.462395e-03  -5.799606e-03  -3.531476e-03  1.919075e-06
225  4.270363e-03  5.229432e-03  3.118475e-03  4.273438e-03  5.228826e-03  3.118636e-03  3.075167e-06
226  1.769056e-03  -3.589192e-04  3.775113e-04  1.770464e-03  -3.560536e-04  3.794242e-04  2.865619e-06
227  -2.268493e-03  -5.543666e-04  -7.934541e-04  -2.271870e-03  -5.579647e-04  -7.935733e-04  3.598006e-06
228  -9.965345e-03  -1.930010e-03  4.291962e-03  -9.966996e-03  -1.931590e-03  4.294001e-03  2.038756e-06
229  9.562429e-03  1.889584e-03  -5.472675e-03  9.564357e-03  1.891503e-03  -5.475357e-03  2.681364e-06
230  1.414662e-02  -9.253819e-03  1.898906e-03  1.414572e-02  -9.253345e-03  1.899227e-03  8.988082e-07
231  -1.604735e-02  1.098838e-02  -1.572218e-03  -1.604501e-02  1.098718e-02  -1.569288e-03  2.930425e-06
232  2.455499e-02  4.998218e-02  4.875745e-02  2.455591e-02  4.998124e-02  4.875659e-02  9.403323e-07
233  -2.444186e-02  -4.866592e-02  -5.030959e-02  -2.444210e-02  -4.866591e-02  -5.030990e-02  3.130912e-07
234  -4.717764e-03  1.099864e-04  -3.203740e-03  -4.717911e-03  1.101253e-04  -3.204920e-03  1.179932e-06
235  4.461049e-03  -1.665557e-03  1.642131e-03  4.459690e-03  -1.665500e-03  1.641926e-03  1.359525e-06
236  1.543534e-03  -8.538601e-03  1.133299e-02  1.544256e-03  -8.541015e-03  1.133236e-02  2.413502e-06
237  -2.276355e-03  9.236754e-03  -1.023609e-02  -2.276377e-03  9.235255e-03  -1.023644e-02  1.499748e-06
238  1.310124e-02  4.114013e-03  1.589300e-02  1.310329e-02  4.113346e-03  1.589327e-02  2.051891e-06
239  -1.498460e-02  -5.641264e-03  -1.598500e-02  -1.498351e-02  -5.640449e-03  -1.598411e-02  1.094095e-06
240  8.537045e-03  1.226574e-02  -4.049678e-03  8.535318e-03  1.226698e-02  -4.047821e-03  1.856753e-06
241  -1.042493e-02  -9.837368e-03  5.075065e-03  -1.042482e-02  -9.840953e-03  5.071742e-03  3.584641e-06
242  2.594472e-02  2.125777e-02  6.789184e-03  2.594514e-02  2.125655e-02  6.789902e-03  1.213853e-06
243  -2.371482e-02  -2.336791e-02  -4.560410e-03  -2.371792e-02  -2.336856e-02  -4.564170e-03  3.759747e-06
244  1.678726e-03  -2.277157e-03  1.912822e-03  1.676583e-03  -2.276074e-03  1.908877e-03  3.945452e-06
245  1.777247e-03  2.330068e-03  -2.980496e-03  1.774957e-03  2.327064e-03  -2.979074e-03  3.003289e-06
246  5.941020e-04  1.365275e-03  -6.390220e-03  5.903451e-04  1.360242e-03  -6.387653e-03  5.032530e-06
247  -1.472297e-03  -1.926369e-03  6.422671e-03  -1.468975e-03  -1.926620e-03  6.425777e-03  3.321885e-06
248  3.350127e-03  -9.635654e-03  -1.620188e-03  3.351195e-03  -9.634135e-03  -1.615024e-03  5.163663e-06
249  -1.329843e-03  1.057731e-02  1.137920e-03  -1.328678e-03  1.057421e-02  1.138321e-03  3.099012e-06
250  -5.726067e-03  9.397970e-03  5.917160e-04  -5.726245e-03  9.398961e-03  5.931686e-04  1.452636e-06
251  6.498168e-03  -7.117131e-03  -3.316064e-03  6.499216e-03  -7.116202e-03  -3.316330e-03  1.048048e-06
252  1.115529e-03  3.725814e-04  -2.272344e-03  1.112404e-03  3.721349e-04  -2.273027e-03  3.125392e-06
253  -1.994466e-03  -2.602318e-04  4.037418e-05  -1.993955e-03  -2.592022e-04  4.040176e-05  1.029562e-06
254  1.046492e-02  -5.481109e-02  2.893199e-02  1.046338e-02  -5.481199e-02  2.893194e-02  1.533378e-06
255  -1.153464e-02  5.288937e-02  -2.843143e-02  -1.153301e-02  5.288819e-02  -2.843115e-02  1.634220e-06
256  -1.945930e-03  7.954992e-04  2.768041e-03  -1.941501e-03  7.978977e-04  2.765075e-03  4.428776e-06
257  2.637093e-03  -9.763104e-04  -2.133224e-03  2.636184e-03  -9.769503e-04  -2.133699e-03  9.083685e-07
258  1.043637e-02  -2.228338e-02  4.810884e-03  1.043384e-02  -2.228445e-02  4.807597e-03  3.287092e-06
259  -1.468978e-02  2.060050e-02  -7.309689e-03  -1.469029e-02  2.060124e-02  -7.310542e-03  8.534830e-07
260  4.790886e-03  -2.732381e-03  -3.548705e-03  4.789560e-03  -2.731788e-03  -3.547496e-03  1.325395e-06
261  -5.498901e-03  1.003048e-03  3.687316e-03  -5.500040e-03  1.004744e-03  3.688629e-03  1.696382e-06
262  1.035974e-03  3.305436e-03  -6.863002e-03  1.037957e-03  3.307398e-03  -6.861434e-03  1.982790e-06
263  2.028529e-03  -1.363189e-03  8.607335e-03  2.026604e-03  -1.366554e-03  8.607223e-03  3.364953e-06
264  1.124687e-03  -1.204745e-02  8.691713e-03  1.258444e-03  -1.272337e-02  9.108457e-03  6.759223e-04
265  -3.152142e-03  1.069143e-02  -8.055635e-03  -3.281325e-03  1.136691e-02  -8.469167e-03  6.754842e-04
266  -2.855433e-02  1.036773e-03  4.813999e-03  -2.855648e-02  1.036070e-03  4.811892e-03  2.148378e-06
267  2.808087e-02  -2.827637e-03  -9.048114e-03  2.808380e-02  -2.826813e-03  -9.048922e-03  2.929509e-06
268  1.789471e-03  3.889524e-03  -1.081220e-02  1.787436e-03  3.888424e-03  -1.081077e-02  2.034920e-06
269  1.930404e-04  -5.703786e-03  1.021202e-02  1.932910e-04  -5.703684e-03  1.021289e-02  8.702759e-07
270  -2.985171e-03  -1.424857e-03  -9.329757e-04  -2.987211e-03  -1.423881e-03  -9.293947e-04  3.581037e-06
271  1.200331e-03  1.607512e-03  -1.032584e-03  1.199974e-03  1.605527e-03  -1.032292e-03  1.985009e-06
272  -3.776946e-03  8.338174e-03  -1.420844e-02  -3.777643e-03  8.336372e-03  -1.420969e-02  1.802075e-06
273  4.037999e-03  -8.495880e-03  1.289083e-02  4.041246e-03  -8.495398e-03  1.289234e-02  3.246681e-06
274  -2.125722e-03  -1.762237e-02  2.692982e-02  -2.128431e-03  -1.762229e-02  2.692783e-02  2.708429e-06
275  1.709154e-03  1.963882e-02  -2.934211e-02  1.709033e-03  1.964137e-02  -2.934189e-02  2.547104e-06
276  4.034571e-03  2.771386e-03  7.502811e-03  4.034998e-03  2.769264e-03  7.502319e-03  2.121869e-06
277  -2.004174e-03  -2.500907e-03  -9.321187e-03  -2.008382e-03  -2.500392e-03  -9.320921e-03  4.208404e-06
278  -7.413346e-03  -1.893138e-03  1.120330e-03  -7.416813e-03  -1.892398e-03  1.123966e-03  3.635444e-06
279  6.531778e-03  1.457518e-03  -6.724185e-04  6.530934e-03  1.460936e-03  -6.727545e-04  3.417508e-06
280  3.422252e-02  -8.784306e-03  -1.645370e-02  3.422430e-02  -8.784225e-03  -1.645266e-02  1.783823e-06
281  -3.273335e-02  6.483132e-03  1.590238e-02  -3.273325e-02  6.483559e-03  1.590175e-02  6.339172e-07
282  -1.216848e-02  -1.825814e-02  1.875676e-02  -1.216879e-02  -1.825656e-02  1.875611e-02  1.582306e-06
283  1.300442e-02  1.840408e-02  -1.741487e-02  1.300366e-02  1.840321e-02  -1.741614e-02  1.267598e-06
284  2.547008e-03  -8.269639e-03  2.112953e-03  2.548913e-03  -8.270902e-03  2.113557e-03  1.904193e-06
285  -2.881654e-03  7.630891e-03  -3.862210e-03  -2.882036e-03  7.635814e-03  -3.863621e-03  4.923071e-06
286  4.750711e-03  -3.025864e-03  -1.772561e-02  4.746563e-03  -3.026832e-03  -1.772609e-02  4.148092e-06
287  -3.941436e-03  4.986305e-03  2.120449e-02  -3.941326e-03  4.984315e-03  2.120639e-02  1.989769e-06
288  -6.308680e-03  -1.229831e-02  -4.024888e-03  -6.312719e-03  -1.229808e-02  -4.020431e-03  4.457137e-06
289  6.394226e-03  1.002295e-02  4.388620e-03  6.395426e-03  1.002543e-02  4.386425e-03  2.484758e-06
290  -1.173872e-03  6.164444e-04  -2.179694e-03  -1.170037e-03  6.152364e-04  -2.181594e-03  3.835709e-06
291  2.401135e-04  -9.697212e-04  3.382316e-03  2.389324e-04  -9.707061e-04  3.383369e-03  1.181152e-06
292  -1.908444e-03  8.142171e-04  -7.736687e-04  -1.908255e-03  8.133421e-04  -7.754451e-04  1.776485e-06
293  1.833704e-03  -1.461777e-03  8.696843e-04  1.835487e-03  -1.463210e-03  8.727309e-04  3.046611e-06
294  1.964611e-02  1.427326e-02  -2.961149e-02  1.964593e-02  1.427586e-02  -2.961051e-02  2.600592e-06
295  -1.949899e-02  -1.379266e-02  2.747474e-02  -1.949825e-02  -1.379436e-02  2.747228e-02  2.456336e-06
296  -1.170231e-03  -1.173914e-02  9.653085e-04  -1.168697e-03  -1.173944e-02  9.651048e-04  1.533331e-06
297  9.709325e-04  1.090918e-02  -3.114817e-03  9.719906e-04  1.091618e-02  -3.112994e-03  6.999461e-06
298  3.538620e-02  5.322788e-03  3.435856e-03  3.538609e-02  5.321254e-03  3.433336e-03  2.519663e-06
299  -3.473964e-02  -6.413260e-03  -2.703921e-03  -3.474379e-02  -6.413875e-03  -2.703411e-03  4.142560e-06
300  -2.180292e-03  3.427851e-04  1.478233e-03  -2.180555e-03  3.438934e-04  1.476954e-03  1.279044e-06
301  3.668275e-03  8.967282e-04  -4.751380e-04  3.669710e-03  8.969447e-04  -4.742302e-04  1.435383e-06
302  -4.794591e-04  6.234492e-04  -8.131111e-03  -4.804143e-04  6.212952e-04  -8.130587e-03  2.153969e-06
303  -1.418248e-04  -1.342031e-03  7.221768e-03  -1.398869e-04  -1.341663e-03  7.223875e-03  2.107477e-06
304  -5.240889e-04  7.592320e-04  -1.736249e-04  -1.727634e-04  1.441032e-03  -4.414743e-05  6.818000e-04
305  1.691678e-04  3.208923e-03  1.532438e-03  -1.798899e-04  2.528469e-03  1.402347e-03  6.804548e-04
306  5.714423e-04  1.268060e-03  7.433159e-03  5.703552e-04  1.269141e-03  7.431069e-03  2.090656e-06
307  -4.913020e-04  -5.472638e-05  -7.800002e-03  -4.911820e-04  -5.456759e-05  -7.805267e-03  5.265866e-06
308  -3.496342e-03  -5.884844e-04  -2.782981e-03  -3.495329e-03  -5.869933e-04  -2.785002e-03  2.021376e-06
309  3.775064e-03  1.534508e-03  -6.250040e-04  3.774113e-03  1.533134e-03  -6.256629e-04  1.374530e-06
310  -2.686312e-03  2.287256e-03  4.819881e-03  -2.686861e-03  2.284133e-03  4.817195e-03  3.123439e-06
311  -1.387384e-03  -3.190464e-03  -6.221282e-03  -1.386604e-03  -3.189534e-03  -6.219770e-03  1.512104e-06
312  1.870232e-03  -3.142334e-03  9.951072e-03  1.871297e-03  -3.139526e-03  9.948348e-03  2.807860e-06
313  -4.025621e-03  3.310651e-03  -1.200501e-02  -4.027983e-03  3.311314e-03  -1.200539e-02  2.361960e-06
314  -5.772470e-03  3.311097e-02  -3.570968e-02  -5.773252e-03  3.311183e-02  -3.571200e-02  2.322307e-06
315  5.581823e-03  -3.623943e-02  3.518175e-02  5.582909e-03  -3.623984e-02  3.518550e-02  3.742522e-06
316  -5.355711e-03  1.214675e-03  -8.476951e-03  -5.356486e-03  1.214066e-03  -8.475872e-03  1.079225e-06
317  6.257729e-03  -1.124853e-04  8.098072e-03  6.260111e-03  -1.125031e-04  8.095934e-03  2.382270e-06
318  1.605671e-03  1.898920e-03  5.732760e-03  1.607012e-03  1.900422e-03  5.734616e-03  1.855961e-06
319  -2.503796e-04  2.596680e-04  -4.153472e-03  -2.498367e-04  2.611330e-04  -4.150766e-03  2.705874e-06
320  -1.843779e-04  -5.574815e-03  5.384738e-03  -1.828954e-04  -5.573453e-03  5.385176e-03  1.482553e-06
321  -1.173198e-03  5.092733e-03  -3.792194e-03  -1.174119e-03  5.094400e-03  -3.790367e-03  1.827571e-06
322  3.423148e-02  2.092263e-02  1.041025e-02  3.422775e-02  2.092095e-02  1.041258e-02  3.724568e-06
323  -3.265477e-02  -1.879771e-02  -7.376134e-03  -3.265254e-02  -1.879947e-02  -7.376780e-03  2.231312e-06
324  1.398140e-02  -5.409126e-03  5.757365e-06  1.397945e-02  -5.409442e-03  8.098242e-06  2.340878e-06
325  -1.294634e-02  4.812957e-03  -8.094378e-04  -1.294312e-02  4.813990e-03  -8.078689e-04  3.221470e-06
326  -2.764021e-04  -8.268076e-04  7.999913e-04  -2.766022e-04  -8.278656e-04  8.039682e-04  3.976965e-06
327  1.650479e-03  -1.221558e-03  -2.617549e-03  1.648549e-03  -1.221705e-03  -2.618748e-03  1.930564e-06
328  7.957528e-03  1.152058e-02  -7.601696e-03  7.959064e-03  1.151921e-02  -7.601286e-03  1.535560e-06
329  -7.836771e-03  -1.138421e-02  8.089825e-03  -7.837473e-03  -1.138077e-02  8.089558e-03  3.444983e-06
330  -2.594605e-03  -1.917617e-03  -2.683181e-03  -2.597190e-03  -1.917266e-03  -2.682183e-03  2.584844e-06
331  4.072102e-03  1.700454e-03  4.801314e-03  4.072588e-03  1.700936e-03  4.799267e-03  2.046292e-06
332  -5.150130e-03  5.394325e-04  -4.975695e-03  -5.151249e-03  5.400644e-04  -4.975333e-03  1.119505e-06
333  4.368266e-03  -1.436425e-03  4.220637e-03  4.370790e-03  -1.437619e-03  4.217896e-03  2.741317e-06
334  -2.392762e-05  1.371904e-03  4.018045e-04  -2.299916e-05  1.368619e-03  4.004843e-04  3.285305e-06
335  -1.135273e-03  -5.478353e-04  -1.600081e-03  -1.135150e-03  -5.454938e-04  -1.596771e-03  3.309543e-06
336  -2.052242e-03  9.148247e-03  4.621830e-03  -2.053786e-03  9.147623e-03  4.623559e-03  1.728430e-06
337  2.865195e-03  -9.177713e-03  -2.984066e-03  2.866051e-03  -9.177164e-03  -2.983081e-03  9.848945e-07
338  -3.747701e-03  8.855435e-03  3.519295e-02  -3.746634e-03  8.858049e-03  3.519075e-02  2.613716e-06
339  2.407547e-03  -6.614018e-03  -3.325527e-02  2.406306e-03  -6.615305e-03  -3.325800e-02  2.733507e-06
340  9.368790e-03  -1.731199e-03  8.306014e-03  9.370121e-03  -1.730425e-03  8.308160e-03  2.145918e-06
341  -1.201677e-02  2.489346e-03  -1.018856e-02  -1.201606e-02  2.487319e-03  -1.018985e-02  2.027919e-06
342  1.795270e-02  -1.949468e-02  -1.668308e-02  1.795185e-02  -1.949721e-02  -1.668204e-02  2.525572e-06
343  -1.804631e-02  1.865440e-02  1.812144e-02  -1.804521e-02  1.865459e-02  1.811810e-02  3.337871e-06
344  -3.603354e-03  -5.509026e-04  1.342009e-04  -3.604025e-03  -5.504934e-04  1.346071e-04  6.718204e-07
345  3.180513e-03  2.602219e-03  -1.717939e-03  3.179491e-03  2.600626e-03  -1.720547e-03  2.608529e-06
346  1.082578e-02  4.610199e-03  2.183495e-02  1.082730e-02  4.608643e-03  2.183902e-02  4.075664e-06
347  -1.107887e-02  -2.990883e-03  -2.302296e-02  -1.108287e-02  -2.995169e-03  -2.301906e-02  4.285953e-06
348  2.205150e-02  2.019326e-02  1.119778e-02  2.205465e-02  2.019565e-02  1.119735e-02  3.143987e-06
349  -1.947778e-02  -1.920479e-02  -1.456555e-02  -1.948142e-02  -1.920533e-02  -1.456268e-02  3.640760e-06
350  -2.322824e-02  -2.675387e-02  4.633178e-03  -2.322964e-02  -2.675188e-02  4.631835e-03  1.990847e-06
351  2.336594e-02  2.802651e-02  -4.229259e-03  2.336710e-02  2.802685e-02  -4.228902e-03  1.159024e-06
352  -5.388074e-03  1.790728e-02  -1.226027e-02  -5.387448e-03  1.790989e-02  -1.225773e-02  2.612939e-06
353  4.867972e-03  -1.830680e-02  1.231753e-02  4.863518e-03  -1.830723e-02  1.231668e-02  4.453840e-06
354  1.149556e-04  -1.012996e-03  -4.565732e-04  1.157885e-04  -1.014476e-03  -4.535342e-04  3.038998e-06
355  2.271300e-04  1.618856e-03  1.849137e-03  2.262774e-04  1.620763e-03  1.846148e-03  2.988982e-06
356  3.433590e-02  2.324403e-02  -1.380918e-03  3.374376e-02  2.286131e-02  -1.298892e-03  5.921367e-04
357  -3.548819e-02  -2.460394e-02  3.069487e-04  -3.489505e-02  -2.422375e-02  2.246837e-04  5.931474e-04
358  4.405516e-03  1.298749e-02  -1.154075e-02  4.403408e-03  1.298526e-02  -1.154192e-02  2.232274e-06
359  -5.042037e-03  -1.282826e-02  1.138465e-02  -5.041139e-03  -1.282478e-02  1.138078e-02  3.870182e-06
360  -1.278384e-03  1.038595e-03  -1.827799e-03  -1.280657e-03  1.038049e-03  -1.827643e-03  2.272782e-06
361  8.652746e-04  -1.291597e-03  6.068449e-04  8.687480e-04  -1.292287e-03  6.084773e-04  3.473404e-06
362  8.811343e-03  -4.173076e-03  3.010828e-03  8.812851e-03  -4.173044e-03  3.010803e-03  1.507187e-06
363  -5.193726e-03  8.563524e-03  1.260758e-04  -5.193817e-03  8.563908e-03  1.250669e-04  1.008884e-06
364  -7.652851e-02  5.762853e-02  -2.211224e-02  -7.653027e-02  5.763223e-02  -2.211396e-02  3.699904e-06
365  7.850024e-02  -5.906766e-02  2.287824e-02  7.849884e-02  -5.907103e-02  2.287826e-02  3.371480e-06
366  -4.445958e-04  -5.041734e-03  -3.045414e-03  -4.420058e-04  -5.045253e-03  -3.048205e-03  3.519842e-06
367  2.176605e-03  4.509867e-03  5.283209e-03  2.175257e-03  4.509096e-03  5.282140e-03  1.348653e-06
368  -2.036083e-02  9.503511e-03  2.565947e-02  -2.035914e-02  9.502149e-03  2.566144e-02  1.976648e-06
369  2.120610e-02  -8.855662e-03  -2.598199e-02  2.120818e-02  -8.856857e-03  -2.598382e-02  2.072420e-06
370  -3.805762e-03  5.966189e-03  4.046827e-03  -3.807741e-03  5.967548e-03  4.049590e-03  2.762663e-06
371  1.562459e-03  -2.760720e-03  -6.963514e-03  1.562909e-03  -2.762815e-03  -6.967694e-03  4.180683e-06
372  7.564026e-03  -1.481954e-03  -7.890920e-03  7.569161e-03  -1.481699e-03  -7.889638e-03  5.134538e-06
373  -8.686309e-03  -4.819664e-05  3.951663e-03  -8.690432e-03  -4.969553e-05  3.951706e-03  4.123068e-06
374  2.797399e-02  9.704094e-03  2.570925e-03  2.797373e-02  9.702689e-03  2.570935e-03  1.405372e-06
375  -2.713531e-02  -1.121994e-02  -2.856465e-03  -2.713537e-02  -1.122590e-02  -2.855045e-03  5.956801e-06
376  4.438527e-03  2.740296e-02  -7.810129e-02  4.439347e-03  2.739946e-02  -7.810093e-02  3.504403e-06
377  -3.714673e-03  -2.652643e-02  8.108774e-02  -3.716561e-03  -2.652562e-02  8.108801e-02  1.888741e-06
378  3.217908e-02  -3.354640e-03  1.798355e-02  3.217861e-02  -3.352278e-03  1.798404e-02  2.362375e-06
379  -3.071510e-02  3.840383e-03  -1.610181e-02  -3.071640e-02  3.841525e-03  -1.610433e-02  2.516228e-06
380  2.021213e-02  -1.242783e-03  1.485985e-03  2.020761e-02  -1.242497e-03  1.486666e-03  4.513117e-06
381  -1.901461e-02  4.892041e-04  -1.637811e-03  -1.901494e-02  4.906252e-04  -1.636727e-03  1.421031e-06
382  6.933560e-03  2.083582e-02  -3.155370e-02  6.935929e-03  2.083450e-02  -3.155523e-02  2.368412e-06
383  -6.392894e-03  -2.119304e-02  3.378078e-02  -6.393806e-03  -2.119281e-02  3.377838e-02  2.401319e-06
384  -3.537621e-03  -1.168974e-03  -7.846000e-04  -3.539149e-03  -1.166783e-03  -7.837012e-04  2.191199e-06
385  2.719218e-03  2.227988e-03  1.469846e-03  2.721065e-03  2.226638e-03  1.467431e-03  2.414979e-06
386  -3.678639e-02  -3.533326e-02  8.117951e-03  -3.678755e-02  -3.533360e-02  8.116653e-03  1.297983e-06
387  3.583533e-02  3.512077e-02  -8.069155e-03  3.583464e-02  3.512423e-02  -8.068463e-03  3.462412e-06
388  4.879652e-03  3.033281e-03  -3.566991e-05  4.883335e-03  3.035420e-03  -3.633486e-05  3.683345e-06
389  -2.728173e-03  -5.500033e-04  4.949085e-04  -2.728384e-03  -5.509105e-04  4.942344e-04  9.071561e-07
390  4.272693e-03  8.346684e-03  5.900610e-03  4.273863e-03  8.349440e-03  5.903869e-03  3.259575e-06
391  -3.937723e-03  -7.445573e-03  -5.647832e-03  -3.937936e-03  -7.447644e-03  -5.646424e-03  2.071486e-06
392  2.429832e-03  -1.459765e-02  1.376755e-02  2.428514e-03  -1.459443e-02  1.376462e-02  3.222390e-06
393  -1.832235e-03  1.413226e-02  -1.476093e-02  -1.832534e-03  1.413405e-02  -1.476249e-02  1.789577e-06
394  -1.330362e-02  3.861632e-03  -7.742110e-03  -1.330268e-02  3.863760e-03  -7.742448e-03  2.128101e-06
395  1.610164e-02  -5.978074e-03  4.679500e-03  1.610169e-02  -5.978901e-03  4.682707e-03  3.207554e-06
396  -1.706638e-02  4.056777e-02  3.186156e-02  -1.706472e-02  4.056710e-02  3.186185e-02  1.652557e-06
397  1.735170e-02  -4.189489e-02  -3.488028e-02  1.735089e-02  -4.189625e-02  -3.487945e-02  1.363579e-06
398  1.082818e-02  1.521451e-03  -1.912831e-02  1.082609e-02  1.521761e-03  -1.912592e-02  2.387276e-06
399  -1.001601e-02  -1.273672e-03  1.956771e-02  -1.001631e-02  -1.273299e-03  1.956491e-02  2.798270e-06
400  7.595540e-03  7.100909e-04  6.473331e-03  8.133054e-03  8.441025e-04  6.989407e-03  5.375138e-04
401  -7.045309e-03  5.832701e-04  -2.607923e-03  -7.583234e-03  4.509160e-04  -3.122765e-03  5.379253e-04
402  8.776052e-03  7.897075e-03  1.144301e-02  8.374825e-03  7.411741e-03  1.095936e-02  4.853348e-04
403  -6.546179e-03  -8.929896e-03  -1.120796e-02  -6.145434e-03  -8.447115e-03  -1.072702e-02  4.827817e-04
404  7.457316e-04  -1.609482e-03  -2.577544e-02  7.793010e-04  -1.679747e-03  -2.652956e-02  7.541201e-04
405  -4.226685e-04  2.662524e-03  2.737991e-02  -4.549842e-04  2.731901e-03  2.813325e-02  7.533393e-04
406  -3.360225e-02  -1.278929e-03  -6.862178e-03  -3.359990e-02  -1.278874e-03  -6.862193e-03  2.347246e-06
407  3.313450e-02  1.484577e-03  5.237954e-03  3.313113e-02  1.483368e-03  5.238897e-03  3.371249e-06
408  -5.560947e-03  -1.476816e-02  1.082877e-02  -5.558366e-03  -1.476877e-02  1.082601e-02  2.752170e-06
409  3.368928e-03  1.543904e-02  -1.053650e-02  3.371291e-03  1.543940e-02  -1.053307e-02  3.429670e-06
410  -9.185125e-04  3.383135e-05  6.618789e-03  -7.532223e-04  -7.137672e-05  7.345979e-03  7.271907e-04
411  -1.662061e-03  3.396789e-04  -8.157621e-03  -1.824075e-03  4.428252e-04  -8.888378e-03  7.307563e-04
412  2.914959e-04  1.476387e-02  9.078180e-03  2.923195e-04  1.476207e-02  9.076695e-03  1.807367e-06
413  -2.744323e-03  -1.609618e-02  -5.999364e-03  -2.746998e-03  -1.609486e-02  -5.998515e-03  2.675236e-06
414  1.768512e-02  -1.866743e-02  -9.154194e-03  1.719024e-02  -1.814100e-02  -8.851712e-03  5.264289e-04
415  -1.771264e-02  1.932324e-02  1.016690e-02  -1.721766e-02  1.879692e-02  9.860423e-03  5.263186e-04
416  -2.151617e-04  -9.831926e-04  -1.002265e-02  -2.167473e-04  -9.835519e-04  -1.002906e-02  6.413650e-06
417  6.681456e-04  2.106742e-03  1.063442e-02  6.699608e-04  2.106051e-03  1.063152e-02  2.900249e-06
418  1.824178e-02  -1.923381e-02  1.599514e-02  1.776359e-02  -1.870856e-02  1.561600e-02  5.252505e-04
419  -1.942337e-02  2.010307e-02  -1.754167e-02  -1.894673e-02  1.957935e-02  -1.716307e-02  5.237204e-04
420  1.269281e-03  4.170130e-03  9.313820e-04  1.267677e-03  4.170014e-03  9.292112e-04  2.170782e-06
421  -1.478439e-04  -4.607601e-03  -1.231447e-03  -1.483219e-04  -4.606290e-03  -1.233910e-03  2.462469e-06
422  1.935748e-02  8.386377e-03  -1.272015e-02  1.935715e-02  8.386176e-03  -1.272214e-02  1.985914e-06
423  -2.077053e-02  -7.115995e-03  1.251053e-02  -2.077070e-02  -7.115085e-03  1.251008e-02  9.098359e-07
424  2.252426e-02  2.626393e-03  -4.239216e-02  2.252616e-02  2.628095e-03  -4.239279e-02  1.904987e-06
425  -2.279366e-02  -2.831159e-03  4.271047e-02  -2.279420e-02  -2.830980e-03  4.271267e-02  2.202617e-06
426  5.062889e-03  -3.689763e-02  -6.506126e-03  5.064937e-03  -3.689663e-02  -6.505603e-03  2.047872e-06
427  -3.653672e-03  3.707024e-02  6.230009e-03  -3.654118e-03  3.707036e-02  6.230616e-03  6.073117e-07
428  -1.789218e-03  -3.408010e-03  5.584657e-04  -1.789420e-03  -3.407629e-03  5.581286e-04  3.808866e-07
429  2.057980e-03  3.987651e-03  5.744502e-04  2.060195e-03  3.986703e-03  5.774211e-04  2.970907e-06
430  2.989813e-03  5.316486e-03  1.230972e-03  2.986718e-03  5.315495e-03  1.229156e-03  3.095232e-06
431  -3.154407e-03  -5.492361e-03  -3.684190e-03  -3.153888e-03  -5.493504e-03  -3.681566e-03  2.623403e-06
432  -1.251081e-02  -1.761462e-02  -1.245008e-02  -1.251077e-02  -1.761179e-02  -1.244986e-02  2.829308e-06
433  1.078607e-02  1.773245e-02  1.501259e-02  1.078856e-02  1.773365e-02  1.501450e-02  2.492360e-06
434  -6.978815e-03  6.468074e-03  -8.440254e-03  -6.977268e-03  6.464342e-03  -8.439804e-03  3.732383e-06
435  1.007758e-02  -7.155967e-03  9.285560e-03  1.007857e-02  -7.154660e-03  9.286294e-03  1.306717e-06
436  2.317029e-03  5.597493e-03  -1.202217e-02  2.319292e-03  5.596922e-03  -1.202024e-02  2.262579e-06
437  -3.091588e-03  -7.917548e-03  9.372931e-03  -3.095638e-03  -7.918394e-03  9.376934e-03  4.050610e-06
438  -1.113785e-02  8.969474e-03  1.227740e-02  -1.113613e-02  8.967883e-03  1.227757e-02  1.716194e-06
439  1.271525e-02  -8.187331e-03  -1.403071e-02  1.271487e-02  -8.186846e-03  -1.403391e-02  3.202744e-06
440  -2.773955e-03  5.717543e-04  5.413640e-04  -2.773293e-03  5.691520e-04  5.411355e-04  2.602324e-06
441  1.563745e-03  -1.888233e-03  -3.600252e-03  1.563588e-03  -1.886665e-03  -3.598039e-03  2.212577e-06
442  -1.015607e-03  2.685115e-03  -1.320135e-03  -1.014599e-03  2.686439e-03  -1.321056e-03  1.323364e-06
443  -7.237585e-04  -4.872445e-04  1.317730e-04  -7.225837e-04  -4.874552e-04  1.332628e-04  1.489783e-06
444  -1.005854e-02  -1.047732e-03  -5.106462e-03  -1.005683e-02  -1.049222e-03  -5.111366e-03  4.903888e-06
445  1.124043e-02  5.967821e-04  4.532422e-03  1.124082e-02  5.954897e-04  4.532898e-03  1.292355e-06
446  3.267515e-03  4.373393e-03  -1.847433e-03  3.265920e-03  4.373156e-03  -1.846901e-03  1.594404e-06
447  -1.270141e-03  -9.205810e-03  4.011502e-04  -1.270143e-03  -9.204691e-03  3.966011e-04  4.549064e-06
448  2.482913e-02  1.023078e-02  -4.303111e-02  2.483369e-02  1.023343e-02  -4.302905e-02  4.556925e-06
449  -2.495779e-02  -7.337219e-03  4.392718e-02  -2.495954e-02  -7.337035e-03  4.392394e-02  3.241464e-06
450  3.819678e-03  -2.743839e-04  9.307275e-04  3.821383e-03  -2.756169e-04  9.323392e-04  1.704132e-06
451  -1.775922e-03  1.025805e-03  -2.363026e-03  -1.777588e-03  1.022633e-03  -2.361286e-03  3.172555e-06
452  7.562512e-03  2.426416e-03  -1.680973e-03  7.559426e-03  2.426812e-03  -1.679240e-03  3.086571e-06
453  -8.594487e-03  2.496463e-04  1.392369e-04  -8.594256e-03  2.501075e-04  1.354026e-04  3.834296e-06
454  -1.087483e-02  -9.686727e-04  1.221317e-02  -1.087710e-02  -9.653987e-04  1.221754e-02  4.370480e-06
455  9.979104e-03  2.025815e-03  -1.145683e-02  9.979059e-03  2.026166e-03  -1.145457e-02  2.257677e-06
456  -8.644666e-04  -2.774874e-03  -2.978750e-03  -6.853080e-04  -2.358289e-03  -2.342736e-03  6.360139e-04
457  -1.984698e-03  2.533952e-03  4.608238e-03  -2.166475e-03  2.117793e-03  3.964965e-03  6.432732e-04
458  -8.615187e-03  1.904019e-02  -6.393926e-03  -8.614918e-03  1.904056e-02  -6.391478e-03  2.447825e-06
459  8.351890e-03  -2.175956e-02  5.350362e-03  8.351497e-03  -2.175879e-02  5.348615e-03  1.746670e-06
460  9.398802e-04  1.131343e-03  3.553181e-04  9.383357e-04  1.131655e-03  3.577974e-04  2.479389e-06
461  -4.358911e-04  -9.842937e-05  -1.500082e-03  -4.387515e-04  -9.666925e-05  -1.501979e-03  2.860362e-06
462  8.895400e-03  6.054462e-03  -8.679370e-03  8.898363e-03  6.057498e-03  -8.679319e-03  3.036238e-06
463  -7.511362e-03  -3.850980e-03  9.594245e-03  -7.513674e-03  -3.851180e-03  9.592082e-03  2.311074e-06
464  2.604095e-02  4.903427e-02  9.600628e-03  2.604012e-02  4.903529e-02  9.598848e-03  1.780010e-06
465  -2.566731e-02  -5.022233e-02  -1.086648e-02  -2.566518e-02  -5.022139e-02  -1.086716e-02  2.128432e-06
466  -3.630064e-03  -9.665101e-03  -1.793338e-03  -3.629765e-03  -9.667263e-03  -1.795009e-03  2.162851e-06
467  4.439367e-03  9.111036e-03  2.222402e-03  4.437295e-03  9.111630e-03  2.222710e-03  2.072872e-06
468  5.340036e-03  3.656525e-03  -5.157472e-03  5.341440e-03  3.656298e-03  -5.157491e-03  1.404253e-06
469  -1.524847e-03  -2.381903e-03  6.865615e-03  -1.526627e-03  -2.381250e-03  6.867459e-03  1.844146e-06
470  1.569478e-02  1.317987e-02  -8.381232e-03  1.569385e-02  1.318057e-02  -8.381530e-03  9.294851e-07
471  -1.686457e-02  -1.413910e-02  6.380655e-03  -1.686405e-02  -1.413852e-02  6.379932e-03  7.225882e-07
472  4.956817e-03  5.138152e-03  5.051139e-03  4.954721e-03  5.137374e-03  5.050294e-03  2.096094e-06
473  -6.691073e-03  -5.785977e-03  -4.673012e-03  -6.689674e-03  -5.786082e-03  -4.672258e-03  1.399215e-06
474  -6.097071e-03  1.384096e-02  -4.837871e-03  -6.320772e-03  1.452750e-02  -5.092497e-03  6.865378e-04
475  6.297042e-03  -1.431819e-02  4.515694e-03  6.519210e-03  -1.500260e-02  4.767388e-03  6.844089e-04
476  -1.734368e-03  -1.066026e-02  2.885875e-03  -1.736531e-03  -1.065923e-02  2.885975e-03  2.162907e-06
477  4.222203e-03  8.218396e-03  -4.065502e-03  4.221566e-03  8.214862e-03  -4.065719e-03  3.534079e-06
478  -3.367255e-03  6.214798e-03  2.327847e-03  -3.366861e-03  6.213159e-03  2.328438e-03  1.639097e-06
479  3.924995e-03  -5.288047e-03  -5.652745e-03  3.924024e-03  -5.290457e-03  -5.652906e-03  2.410203e-06
480  -6.166988e-04  -1.063697e-03  6.453884e-04  -5.384914e-04  -6.343237e-04  -3.309553e-05  6.784839e-04
481  3.535412e-04  8.437494e-04  -1.333974e-03  2.763938e-04  4.149975e-04  -6.575789e-04  6.763950e-04
482  1.143476e-02  -1.695495e-02  1.258889e-02  1.143347e-02  -1.695595e-02  1.258832e-02  1.287843e-06
483  -1.247636e-02  1.652053e-02  -1.198420e-02  -1.247358e-02  1.651829e-02  -1.198471e-02  2.777399e-06
484  5.750417e-03  3.150371e-02  1.321864e-03  5.752178e-03  3.150345e-02  1.320879e-03  1.761004e-06
485  -2.936590e-03  -3.190809e-02  -2.850404e-04  -2.933499e-03  -3.190674e-02  -2.853581e-04  3.091204e-06
486  -5.172206e-03  8.767810e-03  1.079202e-02  -5.173956e-03  8.768277e-03  1.079671e-02  4.680867e-06
487  7.709004e-03  -8.592031e-03  -9.202744e-03  7.712347e-03  -8.595361e-03  -9.202692e-03  3.342506e-06
488  -9.215777e-03  -2.269512e-03  -1.848489e-02  -9.218631e-03  -2.267619e-03  -1.848577e-02  2.854115e-06
489  1.091161e-02  4.490697e-03  1.708245e-02  1.091223e-02  4.488128e-03  1.708364e-02  2.569436e-06
490  1.421398e-03  1.553733e-03  7.817905e-04  1.419653e-03  1.557432e-03  7.819852e-04  3.698367e-06
491  -1.917588e-03  -2.521420e-03  -2.236756e-03  -1.918085e-03  -2.521905e-03  -2.234243e-03  2.512810e-06
492  -4.796005e-05  -2.858167e-03  1.983101e-04  -4.633902e-05  -2.858365e-03  1.968191e-04  1.621030e-06
493  1.549324e-04  2.407651e-03  -3.371227e-04  1.545739e-04  2.408489e-03  -3.333626e-04  3.760152e-06
494  9.833403e-03  -1.650520e-02  4.481898e-03  9.834253e-03  -1.650455e-02  4.482016e-03  8.495922e-07
495  -1.158840e-02  1.547987e-02  -3.534063e-03  -1.158439e-02  1.548047e-02  -3.537016e-03  4.014451e-06
496  4.633485e-04  2.580105e-03  -2.462670e-03  4.627798e-04  2.579616e-03  -2.463082e-03  5.686852e-07
497  -3.659882e-03  -3.319367e-03  1.284622e-03  -3.661645e-03  -3.320392e-03  1.287739e-03  3.116574e-06
498  2.073334e-02  3.288590e-02  -4.638219e-02  2.073237e-02  3.288686e-02  -4.638227e-02  9.708423e-07
499  -2.157606e-02  -3.518808e-02  4.451231e-02  -2.157486e-02  -3.518557e-02  4.451042e-02  2.516014e-06
500  1.505719e-04  -7.174612e-05  -6.592635e-05  1.505720e-04  -7.174611e-05  -6.592640e-05  5.362898e-11
