# Per-particle forces (Hartree/Bohr). Reference: cav-hoomd.
# particle  Fx_openmm  Fy_openmm  Fz_openmm  Fx_hoomd  Fy_hoomd  Fz_hoomd  max_abs_diff
0  5.482962e-03  -1.317409e-03  -1.541570e-02  5.485385e-03  -1.319726e-03  -1.541983e-02  4.126898e-06
1  -6.653062e-03  1.268106e-03  1.648690e-02  -6.653529e-03  1.266705e-03  1.648993e-02  3.025535e-06
2  2.411620e-03  -2.162334e-04  -2.071490e-03  2.410660e-03  -2.177730e-04  -2.073248e-03  1.757310e-06
3  -1.504436e-03  -1.126636e-03  1.880236e-03  -1.501130e-03  -1.128169e-03  1.880277e-03  3.306516e-06
4  -9.526880e-04  -7.761722e-03  -1.719390e-02  -9.504513e-04  -7.763796e-03  -1.719165e-02  2.249157e-06
5  3.870676e-04  8.518419e-03  1.852879e-02  3.891996e-04  8.516409e-03  1.853272e-02  3.931808e-06
6  3.984549e-03  -9.223733e-03  -7.632620e-03  3.984846e-03  -9.222634e-03  -7.633239e-03  1.099041e-06
7  -2.710497e-03  9.615157e-03  6.533716e-03  -2.710364e-03  9.615487e-03  6.536119e-03  2.402601e-06
8  1.613648e-03  2.185564e-03  2.146550e-03  1.614178e-03  2.187146e-03  2.146944e-03  1.581990e-06
9  -1.554943e-03  -1.325205e-03  -1.505975e-03  -1.554814e-03  -1.326246e-03  -1.504694e-03  1.281052e-06
10  -3.655907e-03  -2.614489e-03  -9.961473e-04  -3.658447e-03  -2.615894e-03  -9.947398e-04  2.540304e-06
11  2.933948e-03  3.643253e-03  2.341221e-03  2.935919e-03  3.647055e-03  2.339522e-03  3.802410e-06
12  -3.326034e-02  1.941320e-02  3.159560e-03  -3.325853e-02  1.941121e-02  3.159698e-03  1.994284e-06
13  3.232320e-02  -2.028667e-02  -1.839295e-03  3.232381e-02  -2.028634e-02  -1.836283e-03  3.011548e-06
14  -1.987719e-03  -2.136460e-03  -3.786451e-03  -1.990712e-03  -2.137620e-03  -3.786890e-03  2.993164e-06
15  1.935789e-03  7.079628e-04  6.253193e-03  1.935523e-03  7.076069e-04  6.251962e-03  1.230815e-06
16  3.942771e-03  -1.343755e-03  8.429566e-03  3.949383e-03  -1.343946e-03  8.433413e-03  6.611721e-06
17  -6.344592e-03  2.841208e-05  -7.279457e-03  -6.343973e-03  2.642304e-05  -7.275547e-03  3.909636e-06
18  -9.561206e-04  -1.946574e-02  -6.707957e-02  -9.588937e-04  -1.946577e-02  -6.708644e-02  6.872627e-06
19  -5.866174e-04  1.951854e-02  6.777425e-02  -5.854003e-04  1.952081e-02  6.777416e-02  2.271105e-06
20  -1.892512e-02  -1.055395e-03  -1.987131e-02  -1.892661e-02  -1.055645e-03  -1.987179e-02  1.490409e-06
21  1.956384e-02  7.679745e-04  1.777096e-02  1.956411e-02  7.680012e-04  1.776942e-02  1.546256e-06
22  -1.919498e-02  2.379594e-03  2.717455e-02  -1.919629e-02  2.377791e-03  2.717882e-02  4.270014e-06
23  1.753769e-02  -7.994896e-04  -2.788023e-02  1.753975e-02  -8.012770e-04  -2.788325e-02  3.026426e-06
24  7.860471e-03  4.772284e-03  1.966711e-05  7.862559e-03  4.773123e-03  1.968834e-05  2.087616e-06
25  -7.225346e-03  -3.989752e-03  -1.776364e-03  -7.223447e-03  -3.989303e-03  -1.775754e-03  1.899785e-06
26  -1.173857e-02  2.290100e-03  -4.626922e-03  -1.173748e-02  2.290813e-03  -4.627598e-03  1.088042e-06
27  1.351111e-02  -3.980995e-03  3.689595e-03  1.351219e-02  -3.979312e-03  3.690034e-03  1.682996e-06
28  -2.173863e-02  -1.552253e-02  2.104351e-02  -2.174023e-02  -1.552207e-02  2.104244e-02  1.599566e-06
29  2.103312e-02  1.697965e-02  -2.129956e-02  2.103467e-02  1.697861e-02  -2.130040e-02  1.543651e-06
30  1.530455e-02  -7.806883e-03  2.036134e-02  1.530773e-02  -7.807077e-03  2.036324e-02  3.182730e-06
31  -1.400399e-02  7.194083e-03  -2.059150e-02  -1.400240e-02  7.194799e-03  -2.058856e-02  2.945091e-06
32  -4.655926e-03  9.286335e-03  3.624163e-04  -4.656652e-03  9.285549e-03  3.643909e-04  1.974649e-06
33  4.050228e-03  -8.044022e-03  8.900294e-04  4.048725e-03  -8.046065e-03  8.894862e-04  2.042472e-06
34  -6.717566e-04  7.400236e-03  -8.168051e-03  -6.735306e-04  7.397693e-03  -8.171723e-03  3.672499e-06
35  1.538832e-03  -8.788575e-03  7.923597e-03  1.541322e-03  -8.789039e-03  7.926403e-03  2.806138e-06
36  2.676558e-02  2.325482e-02  4.925450e-02  2.676713e-02  2.325847e-02  4.925590e-02  3.643927e-06
37  -2.706528e-02  -2.298860e-02  -4.926741e-02  -2.706553e-02  -2.298760e-02  -4.926839e-02  1.003485e-06
38  3.568544e-02  3.608666e-02  -9.366854e-03  3.568676e-02  3.609007e-02  -9.366651e-03  3.416872e-06
39  -3.345998e-02  -3.288131e-02  9.915793e-03  -3.346429e-02  -3.288343e-02  9.918058e-03  4.304127e-06
40  -3.961688e-03  -5.759254e-03  2.775109e-03  -3.962436e-03  -5.759821e-03  2.777032e-03  1.922272e-06
41  3.002439e-03  4.984310e-03  -2.029474e-03  3.002074e-03  4.981657e-03  -2.031683e-03  2.652773e-06
42  7.361773e-03  6.455253e-03  -3.851423e-03  7.361165e-03  6.455056e-03  -3.853098e-03  1.674962e-06
43  -4.627962e-03  -6.130967e-03  4.481272e-03  -4.626073e-03  -6.129438e-03  4.479715e-03  1.888347e-06
44  -9.749958e-03  -2.046027e-03  -3.458476e-03  -9.750521e-03  -2.044214e-03  -3.455896e-03  2.580221e-06
45  1.092198e-02  5.033267e-03  1.712959e-03  1.092133e-02  5.032711e-03  1.710559e-03  2.399435e-06
46  9.225179e-03  1.475942e-02  -3.191907e-02  9.225076e-03  1.476205e-02  -3.192231e-02  3.247945e-06
47  -1.150144e-02  -1.436079e-02  3.056084e-02  -1.150075e-02  -1.436081e-02  3.056269e-02  1.853296e-06
48  1.731580e-02  9.224863e-03  4.695687e-02  1.731431e-02  9.225443e-03  4.695892e-02  2.047078e-06
49  -1.440885e-02  -9.358186e-03  -4.646976e-02  -1.440820e-02  -9.358488e-03  -4.646870e-02  1.061959e-06
50  1.006188e-03  5.557485e-03  1.299179e-02  1.005749e-03  5.557910e-03  1.299140e-02  4.382745e-07
51  -7.825910e-04  -4.890638e-03  -1.305683e-02  -7.810633e-04  -4.892207e-03  -1.305951e-02  2.684928e-06
52  8.989579e-03  4.058419e-03  1.063423e-03  8.988728e-03  4.056332e-03  1.064299e-03  2.087057e-06
53  -7.770775e-03  -5.018429e-03  2.753942e-03  -7.768027e-03  -5.018674e-03  2.755202e-03  2.747361e-06
54  -5.540335e-02  -2.871996e-02  -2.287331e-02  -5.539891e-02  -2.871617e-02  -2.287065e-02  4.439793e-06
55  5.645829e-02  2.876270e-02  2.069103e-02  5.645337e-02  2.876269e-02  2.068868e-02  4.921344e-06
56  3.845625e-03  -3.657544e-03  1.813121e-03  3.847488e-03  -3.660238e-03  1.814828e-03  2.693664e-06
57  -5.145711e-03  1.751128e-03  -9.156657e-05  -5.147434e-03  1.751615e-03  -9.646078e-05  4.894209e-06
58  -2.723223e-02  -2.579033e-02  -2.091008e-02  -2.723224e-02  -2.579071e-02  -2.090975e-02  3.834841e-07
59  2.741511e-02  2.715574e-02  2.086447e-02  2.741616e-02  2.715497e-02  2.086338e-02  1.082822e-06
60  -3.773082e-02  2.923137e-02  3.077734e-02  -3.772827e-02  2.923044e-02  3.077544e-02  2.543423e-06
61  3.532684e-02  -3.050721e-02  -3.080400e-02  3.532450e-02  -3.050561e-02  -3.080307e-02  2.346749e-06
62  -2.939442e-02  -2.897481e-03  1.054109e-02  -2.939137e-02  -2.897746e-03  1.054094e-02  3.059487e-06
63  2.848799e-02  2.411788e-03  -1.070993e-02  2.848463e-02  2.410449e-03  -1.070972e-02  3.364809e-06
64  1.854855e-03  8.732747e-04  -2.164839e-03  1.854802e-03  8.742094e-04  -2.163070e-03  1.769601e-06
65  -2.902824e-03  -3.262060e-03  -4.232185e-04  -2.903715e-03  -3.263193e-03  -4.274025e-04  4.184019e-06
66  2.459554e-03  2.744196e-03  -7.240433e-03  2.461291e-03  2.745500e-03  -7.238975e-03  1.736960e-06
67  -1.933530e-03  -4.409472e-03  6.858064e-03  -1.932734e-03  -4.411424e-03  6.856714e-03  1.951216e-06
68  8.734010e-03  1.973943e-03  3.294690e-04  8.735481e-03  1.975043e-03  3.300627e-04  1.471427e-06
69  -6.824382e-03  -3.169046e-03  -7.576355e-04  -6.824759e-03  -3.168474e-03  -7.592360e-04  1.600493e-06
70  -7.339140e-03  -4.013974e-02  -1.485547e-02  -7.340216e-03  -4.014062e-02  -1.485416e-02  1.307066e-06
71  6.139617e-03  3.898197e-02  1.515825e-02  6.139258e-03  3.898147e-02  1.515938e-02  1.127934e-06
72  1.244376e-02  1.717741e-03  3.950526e-04  1.244637e-02  1.717473e-03  3.981973e-04  3.144752e-06
73  -1.226796e-02  -4.773158e-03  -1.118438e-03  -1.226735e-02  -4.774933e-03  -1.120401e-03  1.962739e-06
74  -4.275892e-03  -6.944599e-03  -4.610063e-03  -4.272063e-03  -6.940330e-03  -4.607966e-03  4.268607e-06
75  3.467725e-03  5.627687e-03  2.986298e-03  3.466670e-03  5.626233e-03  2.987534e-03  1.454262e-06
76  -6.623943e-03  -1.083253e-02  -1.308781e-02  -6.622231e-03  -1.083333e-02  -1.308748e-02  1.711676e-06
77  4.880781e-03  7.682863e-03  1.479662e-02  4.880586e-03  7.683173e-03  1.479750e-02  8.778720e-07
78  -2.013489e-03  1.110975e-03  -1.207999e-03  -2.014982e-03  1.111439e-03  -1.207356e-03  1.493507e-06
79  7.399002e-04  1.045742e-03  2.574957e-03  7.393612e-04  1.046625e-03  2.577147e-03  2.189877e-06
80  1.756703e-03  4.053944e-02  -1.325779e-02  1.756326e-03  4.053463e-02  -1.325904e-02  4.810311e-06
81  -1.699069e-03  -4.068795e-02  1.253657e-02  -1.698579e-03  -4.068089e-02  1.253582e-02  7.051493e-06
82  -3.802947e-03  -1.014716e-02  3.287827e-03  -3.802290e-03  -1.014672e-02  3.289382e-03  1.555077e-06
83  3.899085e-03  1.005867e-02  -3.523845e-03  3.900797e-03  1.006044e-02  -3.523577e-03  1.766021e-06
84  -4.869199e-03  1.061603e-02  6.584969e-03  -4.868012e-03  1.061492e-02  6.583223e-03  1.746236e-06
85  5.102586e-03  -9.481094e-03  -2.554302e-03  5.099498e-03  -9.479887e-03  -2.551168e-03  3.134483e-06
86  2.592071e-03  2.049164e-03  2.542776e-03  2.595028e-03  2.052636e-03  2.542309e-03  3.472876e-06
87  -2.634941e-03  -1.115265e-03  -3.191955e-03  -2.633448e-03  -1.114754e-03  -3.190579e-03  1.492420e-06
88  2.288542e-03  -2.300725e-04  1.937214e-03  2.291522e-03  -2.299113e-04  1.940127e-03  2.979255e-06
89  -3.215610e-03  1.400740e-03  -1.481854e-03  -3.212996e-03  1.401219e-03  -1.482631e-03  2.614052e-06
90  6.978739e-03  3.306371e-03  -2.095789e-03  6.978924e-03  3.309550e-03  -2.096221e-03  3.178186e-06
91  -5.756835e-03  -2.882517e-03  1.720149e-03  -5.761790e-03  -2.882885e-03  1.721224e-03  4.955973e-06
92  -1.361003e-02  6.950866e-04  -6.449391e-03  -1.360956e-02  6.957389e-04  -6.449835e-03  6.522556e-07
93  1.403979e-02  -7.922161e-04  6.982881e-03  1.404103e-02  -7.903194e-04  6.982036e-03  1.896739e-06
94  3.336041e-02  1.071068e-02  3.559523e-02  3.335954e-02  1.070849e-02  3.559559e-02  2.189112e-06
95  -3.432984e-02  -9.782894e-03  -3.418621e-02  -3.433310e-02  -9.781797e-03  -3.418964e-02  3.433773e-06
96  2.596354e-03  9.441257e-04  -1.837672e-02  2.597955e-03  9.449960e-04  -1.837352e-02  3.206652e-06
97  -4.360324e-03  -1.902221e-03  1.914315e-02  -4.362991e-03  -1.903172e-03  1.914203e-02  2.666832e-06
98  9.073405e-03  5.952606e-03  -8.650218e-04  9.073990e-03  5.953192e-03  -8.661959e-04  1.174078e-06
99  -6.871231e-03  -5.767565e-03  2.036758e-03  -6.872912e-03  -5.766774e-03  2.036724e-03  1.681490e-06
100  1.956054e-02  -2.588362e-02  2.065481e-02  1.955989e-02  -2.588308e-02  2.065514e-02  6.498696e-07
101  -1.948984e-02  2.546259e-02  -1.972052e-02  -1.949322e-02  2.545985e-02  -1.972034e-02  3.386823e-06
102  -9.256409e-03  2.185638e-02  2.877539e-04  -9.256212e-03  2.185398e-02  2.907646e-04  3.010694e-06
103  6.796545e-03  -2.294113e-02  1.065899e-03  6.798272e-03  -2.293850e-02  1.067848e-03  2.627938e-06
104  1.770546e-02  -1.032381e-03  1.245873e-03  1.770191e-02  -1.032048e-03  1.246141e-03  3.546781e-06
105  -1.852437e-02  -1.287904e-03  1.602744e-03  -1.852413e-02  -1.289468e-03  1.601960e-03  1.563363e-06
106  -7.273944e-03  1.694017e-02  -2.613322e-03  -7.274902e-03  1.694159e-02  -2.611602e-03  1.720333e-06
107  7.462408e-03  -1.690636e-02  6.335465e-03  7.460275e-03  -1.690826e-02  6.337299e-03  2.132640e-06
108  4.461707e-03  -7.317867e-03  -3.680398e-03  4.463577e-03  -7.316810e-03  -3.682643e-03  2.244476e-06
109  -3.733684e-03  6.970219e-03  3.264928e-03  -3.735644e-03  6.967477e-03  3.263845e-03  2.741224e-06
110  -9.931208e-03  1.031150e-02  -7.237018e-04  -9.931220e-03  1.031249e-02  -7.238131e-04  9.807320e-07
111  9.994461e-03  -1.220431e-02  1.176758e-03  9.992676e-03  -1.220425e-02  1.175885e-03  1.784454e-06
112  -2.682607e-03  -2.181248e-02  -2.378702e-02  -2.684048e-03  -2.181309e-02  -2.378927e-02  2.253110e-06
113  3.772258e-03  2.250869e-02  2.384464e-02  3.772840e-03  2.250814e-02  2.384190e-02  2.734865e-06
114  1.875682e-03  1.423222e-03  -1.503760e-02  1.874465e-03  1.423567e-03  -1.503937e-02  1.773846e-06
115  -3.442245e-04  5.753226e-04  1.622737e-02  -3.427591e-04  5.779471e-04  1.622766e-02  2.624484e-06
116  4.504364e-03  1.062354e-02  -1.825518e-03  4.505090e-03  1.062433e-02  -1.821810e-03  3.708029e-06
117  -6.295367e-03  -1.168046e-02  2.424086e-03  -6.293050e-03  -1.168324e-02  2.422609e-03  2.776163e-06
118  6.592709e-03  1.156750e-02  -1.258893e-03  6.591812e-03  1.156770e-02  -1.259976e-03  1.082970e-06
119  -5.883624e-03  -1.069355e-02  1.468373e-03  -5.878595e-03  -1.068985e-02  1.469771e-03  5.028742e-06
120  -2.721776e-03  2.369534e-03  -6.092465e-04  -2.720057e-03  2.371059e-03  -6.082790e-04  1.719027e-06
121  3.075523e-03  -1.377741e-03  -1.935232e-04  3.077623e-03  -1.381327e-03  -1.920083e-04  3.585861e-06
122  -9.468701e-03  -4.077643e-03  -3.853622e-03  -9.464575e-03  -4.076896e-03  -3.852703e-03  4.125855e-06
123  1.256915e-02  2.141715e-03  2.924413e-03  1.256698e-02  2.143460e-03  2.923918e-03  2.174205e-06
124  -2.535385e-04  6.665755e-04  9.549374e-04  -2.562817e-04  6.662801e-04  9.539870e-04  2.743200e-06
125  -1.506437e-04  -4.608324e-04  -8.398520e-04  -1.502434e-04  -4.614418e-04  -8.416766e-04  1.824604e-06
126  1.059072e-02  -1.969934e-02  3.386094e-03  1.059409e-02  -1.969988e-02  3.386323e-03  3.377994e-06
127  -1.092396e-02  2.116040e-02  -1.107007e-03  -1.092535e-02  2.116244e-02  -1.107844e-03  2.039965e-06
128  -9.661478e-03  2.022732e-03  1.356898e-02  -9.660636e-03  2.021528e-03  1.356868e-02  1.203468e-06
129  8.701727e-03  -3.279760e-03  -1.435737e-02  8.703708e-03  -3.281085e-03  -1.435583e-02  1.980808e-06
130  2.683611e-02  7.491884e-03  -2.031563e-02  2.683222e-02  7.489127e-03  -2.031146e-02  4.170834e-06
131  -2.285833e-02  -9.831726e-03  1.968177e-02  -2.285773e-02  -9.831906e-03  1.968190e-02  5.917161e-07
132  4.565342e-02  1.704786e-02  -3.547863e-02  4.565551e-02  1.704852e-02  -3.548008e-02  2.095617e-06
133  -4.498599e-02  -1.610363e-02  3.570534e-02  -4.498348e-02  -1.610596e-02  3.570654e-02  2.513788e-06
134  7.010632e-03  8.329966e-03  -5.362179e-03  7.011128e-03  8.327130e-03  -5.359159e-03  3.020030e-06
135  -9.335536e-03  -7.851009e-03  3.364752e-03  -9.334434e-03  -7.849158e-03  3.366263e-03  1.851579e-06
136  2.614042e-03  1.732059e-02  1.223876e-02  2.614343e-03  1.732597e-02  1.224009e-02  5.383153e-06
137  -1.879124e-03  -1.691186e-02  -1.327731e-02  -1.878704e-03  -1.691134e-02  -1.327668e-02  6.291991e-07
138  6.209361e-03  7.938544e-04  -1.842003e-03  6.211136e-03  7.908429e-04  -1.842755e-03  3.011566e-06
139  -6.100910e-03  4.941226e-04  1.877095e-03  -6.093495e-03  4.917848e-04  1.879592e-03  7.415068e-06
140  -2.415984e-03  -8.628079e-04  -4.052875e-03  -2.416118e-03  -8.658948e-04  -4.052976e-03  3.086891e-06
141  9.573837e-04  2.434698e-03  4.911123e-03  9.557039e-04  2.433914e-03  4.912467e-03  1.679830e-06
142  5.900616e-03  -2.283857e-02  2.400164e-02  5.901441e-03  -2.284092e-02  2.400261e-02  2.354227e-06
143  -2.276921e-03  2.295149e-02  -2.341088e-02  -2.277098e-03  2.295056e-02  -2.341296e-02  2.075617e-06
144  3.810142e-02  -3.416751e-02  1.270548e-02  3.809964e-02  -3.416917e-02  1.270486e-02  1.772845e-06
145  -3.975378e-02  3.558479e-02  -1.263019e-02  -3.975357e-02  3.558554e-02  -1.262597e-02  4.214954e-06
146  -2.789181e-03  6.647038e-03  -1.339314e-02  -2.790828e-03  6.643752e-03  -1.339195e-02  3.285990e-06
147  5.289280e-04  -9.132904e-03  1.314791e-02  5.295851e-04  -9.131720e-03  1.314421e-02  3.698905e-06
148  -1.804251e-04  -3.352815e-03  -2.062328e-03  -1.827861e-04  -3.353457e-03  -2.060577e-03  2.360997e-06
149  8.336315e-04  2.110440e-03  2.285833e-03  8.354807e-04  2.110626e-03  2.284071e-03  1.849159e-06
150  2.653656e-03  -6.395201e-04  -2.824246e-03  2.648699e-03  -6.409894e-04  -2.823365e-03  4.957276e-06
151  -3.368370e-03  1.494344e-03  3.334168e-03  -3.370159e-03  1.493667e-03  3.332929e-03  1.789235e-06
152  1.206257e-02  -1.767740e-02  -1.348655e-02  1.206162e-02  -1.767943e-02  -1.348706e-02  2.034659e-06
153  -1.138584e-02  2.216901e-02  1.114991e-02  -1.138682e-02  2.216646e-02  1.114782e-02  2.557445e-06
154  2.035726e-04  -1.079022e-03  2.348982e-03  2.006985e-04  -1.079773e-03  2.349902e-03  2.874121e-06
155  1.119764e-03  3.745024e-04  -3.002658e-03  1.120692e-03  3.763031e-04  -3.001413e-03  1.800691e-06
156  7.759735e-03  7.894466e-03  5.583749e-03  7.761143e-03  7.894537e-03  5.583831e-03  1.407985e-06
157  -6.576941e-03  -9.197495e-03  -4.599143e-03  -6.574603e-03  -9.197393e-03  -4.598725e-03  2.337919e-06
158  -3.230591e-03  -1.791515e-03  2.940897e-03  -3.234152e-03  -1.792837e-03  2.941905e-03  3.560248e-06
159  3.745031e-03  3.173073e-03  -8.069585e-04  3.743395e-03  3.170126e-03  -8.059353e-04  2.947031e-06
160  -5.455040e-05  4.461152e-04  4.719189e-03  -5.776752e-05  4.437199e-04  4.716200e-03  3.217125e-06
161  -9.323229e-04  -7.224418e-04  -3.665781e-03  -9.334704e-04  -7.200228e-04  -3.666466e-03  2.418926e-06
162  -2.623251e-02  2.474322e-02  4.243199e-03  -2.623180e-02  2.474415e-02  4.244384e-03  1.185332e-06
163  2.579651e-02  -2.551415e-02  -3.431135e-03  2.579522e-02  -2.551414e-02  -3.432249e-03  1.292901e-06
164  2.766741e-03  -1.940964e-02  -8.656904e-03  2.767480e-03  -1.940918e-02  -8.655662e-03  1.242004e-06
165  -1.117707e-03  1.909116e-02  9.031137e-03  -1.117222e-03  1.909068e-02  9.030777e-03  4.846616e-07
166  1.634810e-02  2.619168e-02  -1.670577e-02  1.634758e-02  2.619559e-02  -1.670818e-02  3.906326e-06
167  -1.401034e-02  -2.562407e-02  1.373054e-02  -1.401027e-02  -2.562458e-02  1.373036e-02  5.179138e-07
168  5.852285e-03  1.916767e-03  1.529229e-03  5.851092e-03  1.919975e-03  1.529311e-03  3.207937e-06
169  -7.877035e-03  -2.980128e-03  -1.097330e-03  -7.875557e-03  -2.981628e-03  -1.093988e-03  3.342113e-06
170  -5.757799e-03  -1.977185e-02  -3.474685e-03  -5.758364e-03  -1.976894e-02  -3.474584e-03  2.905134e-06
171  3.325972e-03  1.844886e-02  1.557422e-03  3.327168e-03  1.844998e-02  1.553702e-03  3.719640e-06
172  -3.602364e-02  -1.004672e-02  3.304486e-03  -3.602309e-02  -1.004602e-02  3.304206e-03  7.006400e-07
173  3.596277e-02  1.194278e-02  -3.879484e-03  3.596292e-02  1.194165e-02  -3.878127e-03  1.356691e-06
174  -4.157213e-03  -7.850400e-03  1.686459e-03  -4.160080e-03  -7.846821e-03  1.684619e-03  3.579116e-06
175  3.615026e-03  7.183997e-03  -1.418104e-03  3.616191e-03  7.185030e-03  -1.417788e-03  1.164397e-06
176  1.817513e-02  2.025144e-02  5.845591e-03  1.817239e-02  2.025077e-02  5.844534e-03  2.745940e-06
177  -1.963644e-02  -2.035266e-02  -6.032309e-03  -1.963594e-02  -2.035102e-02  -6.028770e-03  3.539279e-06
178  9.102586e-03  1.206614e-02  6.507863e-03  9.103031e-03  1.206530e-02  6.505982e-03  1.881431e-06
179  -1.193022e-02  -1.064559e-02  -4.057562e-03  -1.192789e-02  -1.064530e-02  -4.060019e-03  2.457164e-06
180  -4.883557e-04  -1.250512e-02  6.023168e-03  -4.894305e-04  -1.250538e-02  6.025394e-03  2.225679e-06
181  2.299814e-04  1.165927e-02  -5.464292e-03  2.293023e-04  1.166213e-02  -5.464081e-03  2.860438e-06
182  2.082269e-02  2.098362e-02  3.705735e-02  2.082271e-02  2.098352e-02  3.705891e-02  1.553685e-06
183  -2.000462e-02  -2.128627e-02  -3.833038e-02  -2.000465e-02  -2.128443e-02  -3.833067e-02  1.839964e-06
184  1.965650e-02  -5.596873e-03  -2.054635e-02  1.965681e-02  -5.592617e-03  -2.054866e-02  4.255878e-06
185  -1.927083e-02  5.843816e-03  1.946997e-02  -1.926968e-02  5.843797e-03  1.947097e-02  1.147717e-06
186  -7.500316e-03  7.415421e-06  7.763574e-03  -7.500243e-03  7.249171e-06  7.763255e-03  3.187956e-07
187  7.771816e-03  8.050603e-04  -6.383855e-03  7.770759e-03  8.039259e-04  -6.382247e-03  1.608113e-06
188  2.276803e-03  7.262656e-03  1.499245e-03  2.279470e-03  7.256757e-03  1.498822e-03  5.899272e-06
189  -9.855757e-04  -4.485141e-03  -2.091555e-04  -9.861672e-04  -4.479992e-03  -2.084863e-04  5.148896e-06
190  -4.250547e-03  -2.377803e-03  2.837819e-02  -4.249031e-03  -2.377729e-03  2.837490e-02  3.294409e-06
191  1.592277e-03  4.216119e-03  -2.868439e-02  1.591701e-03  4.216784e-03  -2.868165e-02  2.739388e-06
192  2.951192e-03  -3.116210e-03  -1.332197e-03  2.949169e-03  -3.118402e-03  -1.335411e-03  3.213931e-06
193  -4.456119e-03  3.504532e-03  1.889866e-03  -4.454053e-03  3.505815e-03  1.890255e-03  2.066499e-06
194  -2.087765e-03  -4.018190e-04  1.171361e-03  -2.085521e-03  -4.024656e-04  1.169552e-03  2.243316e-06
195  1.994012e-03  2.802693e-04  -2.157240e-04  1.991203e-03  2.800472e-04  -2.171779e-04  2.809057e-06
196  5.496023e-04  7.137773e-04  -2.986857e-03  5.522529e-04  7.139559e-04  -2.988279e-03  2.650602e-06
197  6.552081e-06  -1.169891e-04  2.262481e-03  9.763227e-06  -1.145655e-04  2.263255e-03  3.211146e-06
198  6.478006e-03  -1.374455e-02  -2.751849e-03  6.481559e-03  -1.374508e-02  -2.748917e-03  3.552993e-06
199  -8.292536e-03  1.424069e-02  4.675912e-03  -8.293679e-03  1.423889e-02  4.673156e-03  2.756367e-06
200  -1.047258e-02  3.030981e-02  -3.195675e-02  -1.047391e-02  3.031125e-02  -3.195897e-02  2.216296e-06
201  9.846608e-03  -3.133096e-02  3.398018e-02  9.847970e-03  -3.133101e-02  3.397750e-02  2.678644e-06
202  1.067232e-03  1.619714e-03  1.410188e-02  1.065720e-03  1.621557e-03  1.410107e-02  1.842859e-06
203  -2.245750e-03  -1.398324e-03  -1.460144e-02  -2.242378e-03  -1.397773e-03  -1.460105e-02  3.371787e-06
204  -4.077575e-03  9.876779e-03  1.238354e-04  -4.080270e-03  9.876885e-03  1.225558e-04  2.695175e-06
205  3.507338e-03  -1.006885e-02  1.862757e-04  3.505094e-03  -1.006851e-02  1.858510e-04  2.244173e-06
206  -6.895109e-02  1.131928e-02  -2.868090e-02  -6.894785e-02  1.131957e-02  -2.867790e-02  3.242004e-06
207  6.938031e-02  -1.240043e-02  2.877492e-02  6.937388e-02  -1.240256e-02  2.877591e-02  6.430235e-06
208  4.787023e-03  3.089170e-03  -1.025357e-04  4.785023e-03  3.090945e-03  -1.034852e-04  1.999188e-06
209  -4.487407e-03  -4.369344e-03  -9.830599e-04  -4.489172e-03  -4.371790e-03  -9.828899e-04  2.445478e-06
210  -3.371437e-03  2.400463e-03  2.092202e-03  -3.374079e-03  2.403977e-03  2.093590e-03  3.514611e-06
211  2.724679e-03  -4.839229e-03  -2.052307e-04  2.721222e-03  -4.838095e-03  -2.091029e-04  3.872183e-06
212  -1.169809e-04  2.802946e-03  2.942182e-03  -1.182838e-04  2.801212e-03  2.938927e-03  3.255126e-06
213  1.125293e-03  -1.183364e-03  -1.465156e-03  1.127383e-03  -1.182177e-03  -1.459298e-03  5.858476e-06
214  1.104338e-02  -1.990960e-03  -6.203560e-03  1.104038e-02  -1.991155e-03  -6.205569e-03  3.004192e-06
215  -1.167402e-02  1.242886e-03  7.122960e-03  -1.167524e-02  1.244305e-03  7.123576e-03  1.419340e-06
216  -2.652808e-03  -7.540098e-04  3.035375e-03  -2.655323e-03  -7.522010e-04  3.036234e-03  2.514625e-06
217  4.384391e-03  1.335923e-03  -1.904512e-03  4.385309e-03  1.334159e-03  -1.904028e-03  1.763653e-06
218  -5.022981e-03  -2.848028e-03  4.662404e-03  -5.023335e-03  -2.845013e-03  4.663515e-03  3.015633e-06
219  6.291307e-03  2.168085e-03  -3.517083e-03  6.291753e-03  2.166413e-03  -3.517896e-03  1.671330e-06
220  -1.080804e-02  -9.349968e-03  6.079921e-03  -1.080824e-02  -9.351462e-03  6.082455e-03  2.533428e-06
221  9.110959e-03  1.158545e-02  -2.834160e-03  9.111771e-03  1.158653e-02  -2.835464e-03  1.303844e-06
222  7.094795e-04  -7.501692e-03  5.049385e-03  7.093292e-04  -7.498911e-03  5.049125e-03  2.780400e-06
223  -2.964150e-03  5.771235e-03  -3.491870e-03  -2.968771e-03  5.771473e-03  -3.492555e-03  4.620905e-06
224  -5.375125e-03  -5.715118e-03  -3.529448e-03  -5.377100e-03  -5.714312e-03  -3.531476e-03  2.028858e-06
225  4.184961e-03  5.144004e-03  3.118371e-03  4.188143e-03  5.143532e-03  3.118636e-03  3.182430e-06
226  1.853235e-03  -2.736749e-04  3.782461e-04  1.855759e-03  -2.707590e-04  3.794242e-04  2.915963e-06
227  -2.352671e-03  -6.396170e-04  -7.942004e-04  -2.357165e-03  -6.432593e-04  -7.935733e-04  4.494450e-06
228  -9.881974e-03  -1.845164e-03  4.292875e-03  -9.881701e-03  -1.846296e-03  4.294001e-03  1.131873e-06
229  9.479041e-03  1.804724e-03  -5.473604e-03  9.479063e-03  1.806208e-03  -5.475357e-03  1.752587e-06
230  1.423079e-02  -9.167802e-03  1.898813e-03  1.423102e-02  -9.168050e-03  1.899227e-03  4.136018e-07
231  -1.613149e-02  1.090239e-02  -1.572102e-03  -1.613030e-02  1.090188e-02  -1.569288e-03  2.814053e-06
232  2.464131e-02  5.006960e-02  4.875966e-02  2.464120e-02  5.006653e-02  4.875659e-02  3.073756e-06
233  -2.452818e-02  -4.875334e-02  -5.031180e-02  -2.452740e-02  -4.875121e-02  -5.030990e-02  2.138298e-06
234  -4.633798e-03  1.954129e-04  -3.203920e-03  -4.632617e-03  1.954199e-04  -3.204920e-03  1.181261e-06
235  4.377060e-03  -1.750969e-03  1.642304e-03  4.374395e-03  -1.750795e-03  1.641926e-03  2.664465e-06
236  1.628941e-03  -8.453774e-03  1.133352e-02  1.629550e-03  -8.455720e-03  1.133236e-02  1.945903e-06
237  -2.361781e-03  9.151943e-03  -1.023663e-02  -2.361671e-03  9.149960e-03  -1.023644e-02  1.982727e-06
238  1.318678e-02  4.199426e-03  1.589331e-02  1.318858e-02  4.198640e-03  1.589327e-02  1.802689e-06
239  -1.507012e-02  -5.726667e-03  -1.598532e-02  -1.506880e-02  -5.725743e-03  -1.598411e-02  1.314614e-06
240  8.622479e-03  1.235118e-02  -4.049741e-03  8.620612e-03  1.235227e-02  -4.047821e-03  1.920257e-06
241  -1.051028e-02  -9.922834e-03  5.075120e-03  -1.051011e-02  -9.926247e-03  5.071742e-03  3.413742e-06
242  2.603003e-02  2.134306e-02  6.789176e-03  2.603043e-02  2.134185e-02  6.789902e-03  1.208547e-06
243  -2.380010e-02  -2.345319e-02  -4.560413e-03  -2.380321e-02  -2.345385e-02  -4.564170e-03  3.756813e-06
244  1.763886e-03  -2.192348e-03  1.913327e-03  1.761878e-03  -2.190779e-03  1.908877e-03  4.450581e-06
245  1.692087e-03  2.245273e-03  -2.981006e-03  1.689662e-03  2.241770e-03  -2.979074e-03  3.502881e-06
246  6.795507e-04  1.450693e-03  -6.391230e-03  6.756397e-04  1.445537e-03  -6.387653e-03  5.156079e-06
247  -1.557743e-03  -2.011785e-03  6.423685e-03  -1.554269e-03  -2.011914e-03  6.425777e-03  3.473690e-06
248  3.435311e-03  -9.550069e-03  -1.620126e-03  3.436489e-03  -9.548841e-03  -1.615024e-03  5.101273e-06
249  -1.415073e-03  1.049172e-02  1.137857e-03  -1.413972e-03  1.048892e-02  1.138321e-03  2.799692e-06
250  -5.640880e-03  9.483428e-03  5.917669e-04  -5.640951e-03  9.484256e-03  5.931686e-04  1.401705e-06
251  6.412994e-03  -7.202583e-03  -3.316109e-03  6.413922e-03  -7.201497e-03  -3.316330e-03  1.086694e-06
252  1.199205e-03  4.569849e-04  -2.271723e-03  1.197699e-03  4.574295e-04  -2.273027e-03  1.506751e-06
253  -2.078130e-03  -3.446332e-04  3.975303e-05  -2.079249e-03  -3.444968e-04  4.040176e-05  1.119122e-06
254  1.055023e-02  -5.472569e-02  2.893187e-02  1.054868e-02  -5.472670e-02  2.893194e-02  1.554455e-06
255  -1.161997e-02  5.280391e-02  -2.843131e-02  -1.161830e-02  5.280289e-02  -2.843115e-02  1.673328e-06
256  -1.860133e-03  8.804175e-04  2.767682e-03  -1.856206e-03  8.831923e-04  2.765075e-03  3.926313e-06
257  2.551288e-03  -1.061233e-03  -2.132883e-03  2.550890e-03  -1.062245e-03  -2.133699e-03  1.011810e-06
258  1.052036e-02  -2.219602e-02  4.810443e-03  1.051914e-02  -2.219916e-02  4.807597e-03  3.131537e-06
259  -1.477376e-02  2.051315e-02  -7.309263e-03  -1.477558e-02  2.051594e-02  -7.310542e-03  2.792020e-06
260  4.874072e-03  -2.646194e-03  -3.547110e-03  4.874855e-03  -2.646494e-03  -3.547496e-03  7.830432e-07
261  -5.582087e-03  9.168495e-04  3.685736e-03  -5.585335e-03  9.194494e-04  3.688629e-03  3.247569e-06
262  1.120967e-03  3.391256e-03  -6.866387e-03  1.123252e-03  3.392693e-03  -6.861434e-03  4.953100e-06
263  1.943521e-03  -1.449019e-03  8.610702e-03  1.941309e-03  -1.451848e-03  8.607223e-03  3.479185e-06
264  1.342878e-03  -1.263722e-02  9.104991e-03  1.343739e-03  -1.263807e-02  9.108457e-03  3.465562e-06
265  -3.370313e-03  1.128122e-02  -8.468902e-03  -3.366620e-03  1.128162e-02  -8.469167e-03  3.692724e-06
266  -2.847273e-02  1.122331e-03  4.814920e-03  -2.847119e-02  1.121365e-03  4.811892e-03  3.028279e-06
267  2.799927e-02  -2.913199e-03  -9.049061e-03  2.799850e-02  -2.912107e-03  -9.048922e-03  1.091723e-06
268  1.874720e-03  3.974982e-03  -1.081258e-02  1.872730e-03  3.973718e-03  -1.081077e-02  1.989280e-06
269  1.077758e-04  -5.789245e-03  1.021240e-02  1.079964e-04  -5.788979e-03  1.021289e-02  4.919796e-07
270  -2.900523e-03  -1.339728e-03  -9.326894e-04  -2.901917e-03  -1.338586e-03  -9.293947e-04  3.294662e-06
271  1.115673e-03  1.522383e-03  -1.032883e-03  1.114680e-03  1.520232e-03  -1.032292e-03  2.150756e-06
272  -3.692020e-03  8.424298e-03  -1.420970e-02  -3.692348e-03  8.421666e-03  -1.420969e-02  2.631634e-06
273  3.953059e-03  -8.581989e-03  1.289209e-02  3.955951e-03  -8.580693e-03  1.289234e-02  2.891458e-06
274  -2.040422e-03  -1.753619e-02  2.692847e-02  -2.043136e-03  -1.753699e-02  2.692783e-02  2.714258e-06
275  1.623826e-03  1.955266e-02  -2.934073e-02  1.623738e-03  1.955607e-02  -2.934189e-02  3.409612e-06
276  4.119594e-03  2.856546e-03  7.501830e-03  4.120293e-03  2.854559e-03  7.502319e-03  1.987220e-06
277  -2.089191e-03  -2.586060e-03  -9.320194e-03  -2.093677e-03  -2.585686e-03  -9.320921e-03  4.486237e-06
278  -7.327857e-03  -1.807771e-03  1.120296e-03  -7.331519e-03  -1.807103e-03  1.123966e-03  3.669696e-06
279  6.446289e-03  1.372164e-03  -6.723786e-04  6.445640e-03  1.375641e-03  -6.727545e-04  3.477226e-06
280  3.430744e-02  -8.698919e-03  -1.645356e-02  3.430960e-02  -8.698931e-03  -1.645266e-02  2.156230e-06
281  -3.281827e-02  6.397748e-03  1.590223e-02  -3.281855e-02  6.398265e-03  1.590175e-02  5.165747e-07
282  -1.208267e-02  -1.817185e-02  1.875585e-02  -1.208349e-02  -1.817127e-02  1.875611e-02  8.222738e-07
283  1.291861e-02  1.831779e-02  -1.741397e-02  1.291836e-02  1.831792e-02  -1.741614e-02  2.172104e-06
284  2.632267e-03  -8.184249e-03  2.112922e-03  2.634207e-03  -8.185608e-03  2.113557e-03  1.940032e-06
285  -2.966916e-03  7.545494e-03  -3.862184e-03  -2.967330e-03  7.550520e-03  -3.863621e-03  5.025331e-06
286  4.835638e-03  -2.940184e-03  -1.772381e-02  4.831858e-03  -2.941538e-03  -1.772609e-02  3.780497e-06
287  -4.026376e-03  4.900648e-03  2.120270e-02  -4.026620e-03  4.899021e-03  2.120639e-02  3.687922e-06
288  -6.223931e-03  -1.221407e-02  -4.025228e-03  -6.227424e-03  -1.221278e-02  -4.020431e-03  4.797741e-06
289  6.309468e-03  9.938730e-03  4.388950e-03  6.310132e-03  9.940140e-03  4.386425e-03  2.525061e-06
290  -1.087574e-03  6.996211e-04  -2.177438e-03  -1.084742e-03  7.005310e-04  -2.181594e-03  4.155147e-06
291  1.538349e-04  -1.052917e-03  3.380076e-03  1.536378e-04  -1.056001e-03  3.383369e-03  3.293708e-06
292  -1.822791e-03  8.994367e-04  -7.734830e-04  -1.822960e-03  8.986366e-04  -7.754451e-04  1.962152e-06
293  1.748051e-03  -1.546997e-03  8.695001e-04  1.750192e-03  -1.548505e-03  8.727309e-04  3.230843e-06
294  1.972936e-02  1.435712e-02  -2.960832e-02  1.973122e-02  1.436115e-02  -2.961051e-02  4.031991e-06
295  -1.958224e-02  -1.387652e-02  2.747157e-02  -1.958355e-02  -1.387965e-02  2.747228e-02  3.127444e-06
296  -1.084919e-03  -1.165358e-02  9.651687e-04  -1.083403e-03  -1.165415e-02  9.651048e-04  1.516341e-06
297  8.856077e-04  1.082359e-02  -3.114702e-03  8.866960e-04  1.083089e-02  -3.112994e-03  7.296686e-06
298  3.547487e-02  5.408622e-03  3.436251e-03  3.547139e-02  5.406549e-03  3.433336e-03  3.480138e-06
299  -3.482831e-02  -6.499106e-03  -2.704299e-03  -3.482908e-02  -6.499170e-03  -2.703411e-03  8.874669e-07
300  -2.093368e-03  4.278738e-04  1.477368e-03  -2.095261e-03  4.291880e-04  1.476954e-03  1.892941e-06
301  3.581360e-03  8.116457e-04  -4.742605e-04  3.584415e-03  8.116501e-04  -4.742302e-04  3.055357e-06
302  -3.941269e-04  7.087203e-04  -8.130391e-03  -3.951197e-04  7.065898e-04  -8.130587e-03  2.130505e-06
303  -2.271749e-04  -1.427297e-03  7.221045e-03  -2.251815e-04  -1.426958e-03  7.223875e-03  2.829701e-06
304  -8.845477e-05  1.525321e-03  -4.180332e-05  -8.746878e-05  1.526327e-03  -4.414742e-05  2.344106e-06
305  -2.664716e-04  2.442787e-03  1.400626e-03  -2.651845e-04  2.443174e-03  1.402347e-03  1.720324e-06
306  6.567860e-04  1.353371e-03  7.433981e-03  6.556498e-04  1.354436e-03  7.431069e-03  2.912283e-06
307  -5.766408e-04  -1.400472e-04  -7.800822e-03  -5.764766e-04  -1.398622e-04  -7.805267e-03  4.445804e-06
308  -3.411049e-03  -5.031905e-04  -2.782991e-03  -3.410035e-03  -5.016987e-04  -2.785002e-03  2.011317e-06
309  3.689753e-03  1.449207e-03  -6.250014e-04  3.688819e-03  1.447839e-03  -6.256629e-04  1.367662e-06
310  -2.600640e-03  2.371697e-03  4.818047e-03  -2.601566e-03  2.369428e-03  4.817195e-03  2.269170e-06
311  -1.473062e-03  -3.274878e-03  -6.219446e-03  -1.471899e-03  -3.274828e-03  -6.219770e-03  1.162642e-06
312  1.955106e-03  -3.056473e-03  9.948810e-03  1.956591e-03  -3.054232e-03  9.948348e-03  2.240752e-06
313  -4.110500e-03  3.224784e-03  -1.200274e-02  -4.113278e-03  3.226020e-03  -1.200539e-02  2.778186e-06
314  -5.687726e-03  3.320081e-02  -3.571427e-02  -5.687957e-03  3.319712e-02  -3.571200e-02  3.691386e-06
315  5.497101e-03  -3.632926e-02  3.518637e-02  5.497614e-03  -3.632513e-02  3.518550e-02  4.127569e-06
316  -5.270079e-03  1.299871e-03  -8.476434e-03  -5.271191e-03  1.299360e-03  -8.475872e-03  1.112650e-06
317  6.172091e-03  -1.976987e-04  8.097552e-03  6.174816e-03  -1.977977e-04  8.095934e-03  2.725851e-06
318  1.690954e-03  1.984140e-03  5.732461e-03  1.692307e-03  1.985716e-03  5.734616e-03  2.154416e-06
319  -3.356469e-04  1.744517e-04  -4.153163e-03  -3.351313e-04  1.758384e-04  -4.150766e-03  2.397302e-06
320  -9.909262e-05  -5.489523e-03  5.384728e-03  -9.760079e-05  -5.488159e-03  5.385176e-03  1.491833e-06
321  -1.258476e-03  5.007448e-03  -3.792199e-03  -1.259413e-03  5.009105e-03  -3.790367e-03  1.832414e-06
322  3.431584e-02  2.100733e-02  1.040995e-02  3.431305e-02  2.100625e-02  1.041258e-02  2.795639e-06
323  -3.273914e-02  -1.888242e-02  -7.375842e-03  -3.273783e-02  -1.888477e-02  -7.376780e-03  2.349238e-06
324  1.406687e-02  -5.323929e-03  5.755226e-06  1.406475e-02  -5.324148e-03  8.098242e-06  2.343017e-06
325  -1.303181e-02  4.727748e-03  -8.094397e-04  -1.302841e-02  4.728695e-03  -8.078689e-04  3.403488e-06
326  -1.911059e-04  -7.412834e-04  8.006819e-04  -1.913076e-04  -7.425710e-04  8.039682e-04  3.286337e-06
327  1.565202e-03  -1.307101e-03  -2.618236e-03  1.563254e-03  -1.306999e-03  -2.618748e-03  1.947756e-06
328  8.042141e-03  1.160507e-02  -7.601065e-03  8.044358e-03  1.160451e-02  -7.601286e-03  2.216986e-06
329  -7.921347e-03  -1.146871e-02  8.089189e-03  -7.922767e-03  -1.146606e-02  8.089558e-03  2.645182e-06
330  -2.510666e-03  -1.833510e-03  -2.684389e-03  -2.511895e-03  -1.831972e-03  -2.682183e-03  2.206054e-06
331  3.988175e-03  1.616358e-03  4.802503e-03  3.987293e-03  1.615641e-03  4.799267e-03  3.235567e-06
332  -5.063147e-03  6.242867e-04  -4.974230e-03  -5.065954e-03  6.253590e-04  -4.975333e-03  2.807341e-06
333  4.281295e-03  -1.521248e-03  4.219188e-03  4.285496e-03  -1.522914e-03  4.217896e-03  4.200714e-06
334  6.080946e-05  1.454637e-03  3.994739e-04  6.229544e-05  1.453914e-03  4.004843e-04  1.485980e-06
335  -1.220037e-03  -6.305285e-04  -1.597734e-03  -1.220445e-03  -6.307884e-04  -1.596771e-03  9.631243e-07
336  -1.966862e-03  9.233264e-03  4.621726e-03  -1.968492e-03  9.232917e-03  4.623559e-03  1.832338e-06
337  2.779812e-03  -9.262734e-03  -2.983967e-03  2.780757e-03  -9.262459e-03  -2.983081e-03  9.453370e-07
338  -3.662371e-03  8.940744e-03  3.519325e-02  -3.661339e-03  8.943344e-03  3.519075e-02  2.599380e-06
339  2.322240e-03  -6.699318e-03  -3.325558e-02  2.321011e-03  -6.700599e-03  -3.325800e-02  2.422316e-06
340  9.455405e-03  -1.646258e-03  8.307098e-03  9.455416e-03  -1.645130e-03  8.308160e-03  1.127552e-06
341  -1.210338e-02  2.404451e-03  -1.018964e-02  -1.210136e-02  2.402024e-03  -1.018985e-02  2.426617e-06
342  1.803698e-02  -1.940822e-02  -1.668203e-02  1.803715e-02  -1.941191e-02  -1.668204e-02  3.686404e-06
343  -1.813059e-02  1.856796e-02  1.812038e-02  -1.813051e-02  1.856929e-02  1.811810e-02  2.281442e-06
344  -3.515930e-03  -4.658539e-04  1.329617e-04  -3.518731e-03  -4.651988e-04  1.346071e-04  2.800546e-06
345  3.093093e-03  2.517185e-03  -1.716711e-03  3.094196e-03  2.515332e-03  -1.720547e-03  3.836728e-06
346  1.091178e-02  4.695686e-03  2.183620e-02  1.091259e-02  4.693937e-03  2.183902e-02  2.823295e-06
347  -1.116486e-02  -3.076349e-03  -2.302422e-02  -1.116816e-02  -3.080463e-03  -2.301906e-02  5.163894e-06
348  2.213680e-02  2.027854e-02  1.119779e-02  2.213994e-02  2.028094e-02  1.119735e-02  3.146364e-06
349  -1.956308e-02  -1.929009e-02  -1.456553e-02  -1.956671e-02  -1.929062e-02  -1.456268e-02  3.638056e-06
350  -2.314632e-02  -2.667229e-02  4.633729e-03  -2.314434e-02  -2.666658e-02  4.631835e-03  5.712008e-06
351  2.328401e-02  2.794495e-02  -4.229825e-03  2.328180e-02  2.794155e-02  -4.228902e-03  3.393410e-06
352  -5.302844e-03  1.799283e-02  -1.226044e-02  -5.302153e-03  1.799519e-02  -1.225773e-02  2.714685e-06
353  4.782736e-03  -1.839236e-02  1.231769e-02  4.778223e-03  -1.839252e-02  1.231668e-02  4.512979e-06
354  2.000646e-04  -9.279138e-04  -4.564371e-04  2.010831e-04  -9.291814e-04  -4.535342e-04  2.902891e-06
355  1.420218e-04  1.533775e-03  1.849007e-03  1.409828e-04  1.535469e-03  1.846148e-03  2.858283e-06
356  3.383197e-02  2.294801e-02  -1.296702e-03  3.382905e-02  2.294660e-02  -1.298892e-03  2.918344e-06
357  -3.498427e-02  -2.430793e-02  2.227200e-04  -3.498034e-02  -2.430905e-02  2.246837e-04  3.929354e-06
358  4.490815e-03  1.307278e-02  -1.154075e-02  4.488702e-03  1.307056e-02  -1.154192e-02  2.225282e-06
359  -5.127327e-03  -1.291355e-02  1.138465e-02  -5.126433e-03  -1.291008e-02  1.138078e-02  3.871043e-06
360  -1.193888e-03  1.124772e-03  -1.828164e-03  -1.195362e-03  1.123344e-03  -1.827643e-03  1.474016e-06
361  7.807701e-04  -1.377771e-03  6.072040e-04  7.834534e-04  -1.377581e-03  6.084773e-04  2.683326e-06
362  8.896448e-03  -4.087560e-03  3.010734e-03  8.898145e-03  -4.087750e-03  3.010803e-03  1.697055e-06
363  -5.278806e-03  8.478030e-03  1.261971e-04  -5.279112e-03  8.478613e-03  1.250669e-04  1.130164e-06
364  -7.644474e-02  5.771507e-02  -2.211271e-02  -7.644498e-02  5.771753e-02  -2.211396e-02  2.458227e-06
365  7.841647e-02  -5.915420e-02  2.287872e-02  7.841354e-02  -5.915633e-02  2.287826e-02  2.933138e-06
366  -3.593077e-04  -4.956439e-03  -3.045414e-03  -3.567112e-04  -4.959959e-03  -3.048205e-03  3.519787e-06
367  2.091304e-03  4.424562e-03  5.283217e-03  2.089962e-03  4.423802e-03  5.282140e-03  1.342226e-06
368  -2.027554e-02  9.588800e-03  2.565946e-02  -2.027384e-02  9.587443e-03  2.566144e-02  1.979419e-06
369  2.112081e-02  -8.940957e-03  -2.598199e-02  2.112288e-02  -8.942152e-03  -2.598382e-02  2.072464e-06
370  -3.720497e-03  6.051491e-03  4.046824e-03  -3.722446e-03  6.052842e-03  4.049590e-03  2.765784e-06
371  1.477166e-03  -2.846012e-03  -6.963508e-03  1.477614e-03  -2.848110e-03  -6.967694e-03  4.186540e-06
372  7.651950e-03  -1.397007e-03  -7.892543e-03  7.654455e-03  -1.396405e-03  -7.889638e-03  2.904280e-06
373  -8.774222e-03  -1.331245e-04  3.953271e-03  -8.775726e-03  -1.349901e-04  3.951706e-03  1.865651e-06
374  2.805916e-02  9.789428e-03  2.570961e-03  2.805902e-02  9.787983e-03  2.570935e-03  1.444777e-06
375  -2.722047e-02  -1.130525e-02  -2.856494e-03  -2.722067e-02  -1.131119e-02  -2.855045e-03  5.939132e-06
376  4.523709e-03  2.748756e-02  -7.809918e-02  4.524642e-03  2.748475e-02  -7.810093e-02  2.813999e-06
377  -3.799854e-03  -2.661104e-02  8.108563e-02  -3.801856e-03  -2.661092e-02  8.108801e-02  2.379142e-06
378  3.226454e-02  -3.269410e-03  1.798364e-02  3.226390e-02  -3.266983e-03  1.798404e-02  2.426822e-06
379  -3.080057e-02  3.755158e-03  -1.610190e-02  -3.080169e-02  3.756230e-03  -1.610433e-02  2.426276e-06
380  2.029752e-02  -1.157496e-03  1.485995e-03  2.029291e-02  -1.157203e-03  1.486666e-03  4.612761e-06
381  -1.910002e-02  4.039168e-04  -1.637829e-03  -1.910023e-02  4.053306e-04  -1.636727e-03  1.413808e-06
382  7.019136e-03  2.092196e-02  -3.155505e-02  7.021223e-03  2.091979e-02  -3.155523e-02  2.164935e-06
383  -6.478471e-03  -2.127917e-02  3.378213e-02  -6.479100e-03  -2.127810e-02  3.377838e-02  3.751373e-06
384  -3.451681e-03  -1.083426e-03  -7.844091e-04  -3.453854e-03  -1.081488e-03  -7.837012e-04  2.172818e-06
385  2.633273e-03  2.142450e-03  1.469659e-03  2.635771e-03  2.141343e-03  1.467431e-03  2.497952e-06
386  -3.670207e-02  -3.524899e-02  8.118130e-03  -3.670226e-02  -3.524830e-02  8.116653e-03  1.477262e-06
387  3.575099e-02  3.503650e-02  -8.069329e-03  3.574935e-02  3.503894e-02  -8.068463e-03  2.438202e-06
388  4.965498e-03  3.119135e-03  -3.583062e-05  4.968630e-03  3.120715e-03  -3.633486e-05  3.131563e-06
389  -2.814032e-03  -6.359026e-04  4.950803e-04  -2.813679e-03  -6.362051e-04  4.942344e-04  8.459865e-07
390  4.357983e-03  8.431974e-03  5.900618e-03  4.359157e-03  8.434735e-03  5.903869e-03  3.251483e-06
391  -4.023020e-03  -7.530877e-03  -5.647830e-03  -4.023231e-03  -7.532939e-03  -5.646424e-03  2.061701e-06
392  2.515231e-03  -1.451312e-02  1.376825e-02  2.513809e-03  -1.450914e-02  1.376462e-02  3.979313e-06
393  -1.917640e-03  1.404772e-02  -1.476162e-02  -1.917829e-03  1.404876e-02  -1.476249e-02  1.036943e-06
394  -1.321903e-02  3.947277e-03  -7.742427e-03  -1.321739e-02  3.949055e-03  -7.742448e-03  1.777274e-06
395  1.601704e-02  -6.063689e-03  4.679777e-03  1.601640e-02  -6.064196e-03  4.682707e-03  2.930215e-06
396  -1.698041e-02  4.065149e-02  3.186013e-02  -1.697943e-02  4.065240e-02  3.186185e-02  1.729331e-06
397  1.726572e-02  -4.197861e-02  -3.487886e-02  1.726560e-02  -4.198155e-02  -3.487945e-02  2.936893e-06
398  1.091253e-02  1.606805e-03  -1.912684e-02  1.091138e-02  1.607055e-03  -1.912592e-02  1.152191e-06
399  -1.010035e-02  -1.359019e-03  1.956625e-02  -1.010161e-02  -1.358594e-03  1.956491e-02  1.337990e-06
400  8.218784e-03  9.302963e-04  6.989270e-03  8.218349e-03  9.293971e-04  6.989407e-03  8.991654e-07
401  -7.668556e-03  3.630535e-04  -3.123850e-03  -7.668529e-03  3.656214e-04  -3.122765e-03  2.567896e-06
402  8.458923e-03  7.496489e-03  1.096063e-02  8.460120e-03  7.497035e-03  1.095936e-02  1.278533e-06
403  -6.229050e-03  -8.529306e-03  -1.072556e-02  -6.230729e-03  -8.532409e-03  -1.072702e-02  3.102911e-06
404  8.644103e-04  -1.592900e-03  -2.652698e-02  8.645956e-04  -1.594452e-03  -2.652956e-02  2.579446e-06
405  -5.413506e-04  2.645913e-03  2.813145e-02  -5.402788e-04  2.646606e-03  2.813325e-02  1.805933e-06
406  -3.351397e-02  -1.193476e-03  -6.861815e-03  -3.351460e-02  -1.193579e-03  -6.862193e-03  6.298424e-07
407  3.304624e-02  1.399109e-03  5.237600e-03  3.304584e-02  1.398074e-03  5.238897e-03  1.297018e-06
408  -5.475747e-03  -1.468322e-02  1.082897e-02  -5.473072e-03  -1.468348e-02  1.082601e-02  2.952974e-06
409  3.283722e-03  1.535408e-02  -1.053671e-02  3.285997e-03  1.535410e-02  -1.053307e-02  3.634637e-06
410  -6.683717e-04  1.525308e-05  7.345972e-03  -6.679277e-04  1.391788e-05  7.345979e-03  1.335196e-06
411  -1.912220e-03  3.582640e-04  -8.884815e-03  -1.909370e-03  3.575306e-04  -8.888378e-03  3.562886e-06
412  3.767586e-04  1.484888e-02  9.078065e-03  3.776141e-04  1.484736e-02  9.076695e-03  1.519179e-06
413  -2.829575e-03  -1.618120e-02  -5.999259e-03  -2.832293e-03  -1.618015e-02  -5.998515e-03  2.717652e-06
414  1.727647e-02  -1.805611e-02  -8.851236e-03  1.727553e-02  -1.805570e-02  -8.851712e-03  9.381504e-07
415  -1.730398e-02  1.871192e-02  9.863941e-03  -1.730295e-02  1.871162e-02  9.860423e-03  3.517759e-06
416  -1.298420e-04  -8.978846e-04  -1.002255e-02  -1.314527e-04  -8.982573e-04  -1.002906e-02  6.512566e-06
417  5.828404e-04  2.021444e-03  1.063431e-02  5.846662e-04  2.020757e-03  1.063152e-02  2.794645e-06
418  1.784693e-02  -1.862604e-02  1.561652e-02  1.784888e-02  -1.862326e-02  1.561600e-02  2.778746e-06
419  -1.902853e-02  1.949533e-02  -1.716306e-02  -1.903202e-02  1.949406e-02  -1.716307e-02  3.488389e-06
420  1.354613e-03  4.255420e-03  9.313685e-04  1.352972e-03  4.255308e-03  9.292112e-04  2.157289e-06
421  -2.331104e-04  -4.692896e-03  -1.231449e-03  -2.336165e-04  -4.691585e-03  -1.233910e-03  2.460887e-06
422  1.944310e-02  8.471779e-03  -1.272034e-02  1.944244e-02  8.471470e-03  -1.272214e-02  1.793497e-06
423  -2.085617e-02  -7.201379e-03  1.251074e-02  -2.085599e-02  -7.200379e-03  1.251008e-02  9.999156e-07
424  2.261069e-02  2.711800e-03  -4.239427e-02  2.261146e-02  2.713389e-03  -4.239279e-02  1.589115e-06
425  -2.288011e-02  -2.916550e-03  4.271257e-02  -2.287949e-02  -2.916274e-03  4.271267e-02  6.204890e-07
426  5.148189e-03  -3.681233e-02  -6.506118e-03  5.150231e-03  -3.681133e-02  -6.505603e-03  2.042702e-06
427  -3.738947e-03  3.698494e-02  6.230029e-03  -3.739412e-03  3.698507e-02  6.230616e-03  5.871924e-07
428  -1.703649e-03  -3.321860e-03  5.582401e-04  -1.704125e-03  -3.322335e-03  5.581286e-04  4.755648e-07
429  1.972432e-03  3.901487e-03  5.746764e-04  1.974901e-03  3.901409e-03  5.774211e-04  2.744647e-06
430  3.073655e-03  5.399895e-03  1.229288e-03  3.072013e-03  5.400790e-03  1.229156e-03  1.642515e-06
431  -3.238243e-03  -5.575781e-03  -3.682537e-03  -3.239183e-03  -5.578798e-03  -3.681566e-03  3.017421e-06
432  -1.242551e-02  -1.752932e-02  -1.245008e-02  -1.242548e-02  -1.752650e-02  -1.244986e-02  2.825960e-06
433  1.070078e-02  1.764715e-02  1.501259e-02  1.070327e-02  1.764835e-02  1.501450e-02  2.492856e-06
434  -6.893544e-03  6.553350e-03  -8.440238e-03  -6.891973e-03  6.549637e-03  -8.439804e-03  3.713326e-06
435  9.992282e-03  -7.241270e-03  9.285562e-03  9.993274e-03  -7.239955e-03  9.286294e-03  1.315587e-06
436  2.402604e-03  5.683524e-03  -1.202338e-02  2.404587e-03  5.682216e-03  -1.202024e-02  3.136752e-06
437  -3.177172e-03  -8.003589e-03  9.374150e-03  -3.180933e-03  -8.003689e-03  9.376934e-03  3.760658e-06
438  -1.105182e-02  9.054305e-03  1.227652e-02  -1.105084e-02  9.053178e-03  1.227757e-02  1.127867e-06
439  1.262922e-02  -8.272160e-03  -1.402983e-02  1.262958e-02  -8.272141e-03  -1.403391e-02  4.080261e-06
440  -2.688456e-03  6.571094e-04  5.413016e-04  -2.687999e-03  6.544466e-04  5.411355e-04  2.662753e-06
441  1.478266e-03  -1.973567e-03  -3.600168e-03  1.478293e-03  -1.971959e-03  -3.598039e-03  2.128549e-06
442  -9.303040e-04  2.770398e-03  -1.320110e-03  -9.293047e-04  2.771733e-03  -1.321056e-03  1.335513e-06
443  -8.090416e-04  -5.725491e-04  1.317759e-04  -8.078783e-04  -5.727498e-04  1.332628e-04  1.486884e-06
444  -9.973529e-03  -9.624544e-04  -5.106588e-03  -9.971538e-03  -9.639273e-04  -5.111366e-03  4.777066e-06
445  1.115542e-02  5.115051e-04  4.532538e-03  1.115552e-02  5.101951e-04  4.532898e-03  1.309984e-06
446  3.352964e-03  4.459159e-03  -1.847575e-03  3.351215e-03  4.458451e-03  -1.846901e-03  1.749531e-06
447  -1.355593e-03  -9.291562e-03  4.013115e-04  -1.355438e-03  -9.289986e-03  3.966011e-04  4.710375e-06
448  2.491399e-02  1.031591e-02  -4.303043e-02  2.491898e-02  1.031873e-02  -4.302905e-02  4.987271e-06
449  -2.504266e-02  -7.422354e-03  4.392650e-02  -2.504483e-02  -7.422329e-03  4.392394e-02  2.562022e-06
450  3.904898e-03  -1.890470e-04  9.306755e-04  3.906677e-03  -1.903223e-04  9.323392e-04  1.779518e-06
451  -1.861145e-03  9.404644e-04  -2.362956e-03  -1.862883e-03  9.373383e-04  -2.361286e-03  3.126185e-06
452  7.646150e-03  2.511422e-03  -1.680479e-03  7.644720e-03  2.512106e-03  -1.679240e-03  1.429714e-06
453  -8.678121e-03  1.646671e-04  1.387417e-04  -8.679551e-03  1.648129e-04  1.354026e-04  3.339040e-06
454  -1.078947e-02  -8.833696e-04  1.221310e-02  -1.079180e-02  -8.801041e-04  1.221754e-02  4.443881e-06
455  9.893743e-03  1.940497e-03  -1.145675e-02  9.893764e-03  1.940871e-03  -1.145457e-02  2.176304e-06
456  -5.993470e-04  -2.274812e-03  -2.338545e-03  -6.000134e-04  -2.272995e-03  -2.342736e-03  4.191484e-06
457  -2.249827e-03  2.033876e-03  3.968030e-03  -2.251770e-03  2.032499e-03  3.964965e-03  3.065549e-06
458  -8.530117e-03  1.912615e-02  -6.394117e-03  -8.529623e-03  1.912585e-02  -6.391478e-03  2.638155e-06
459  8.266838e-03  -2.184552e-02  5.350562e-03  8.266202e-03  -2.184408e-02  5.348615e-03  1.947098e-06
460  1.024121e-03  1.216202e-03  3.552140e-04  1.023630e-03  1.216949e-03  3.577974e-04  2.583405e-06
461  -5.201492e-04  -1.832827e-04  -1.499955e-03  -5.240461e-04  -1.819639e-04  -1.501979e-03  3.896912e-06
462  8.981285e-03  6.140067e-03  -8.680006e-03  8.983658e-03  6.142792e-03  -8.679319e-03  2.725061e-06
463  -7.597238e-03  -3.936560e-03  9.594919e-03  -7.598968e-03  -3.936474e-03  9.592082e-03  2.836643e-06
464  2.612876e-02  4.912430e-02  9.601621e-03  2.612541e-02  4.912058e-02  9.598848e-03  3.716818e-06
465  -2.575512e-02  -5.031236e-02  -1.086748e-02  -2.575047e-02  -5.030668e-02  -1.086716e-02  5.673094e-06
466  -3.545163e-03  -9.580496e-03  -1.793569e-03  -3.544471e-03  -9.581969e-03  -1.795009e-03  1.473069e-06
467  4.354467e-03  9.026430e-03  2.222642e-03  4.352000e-03  9.026335e-03  2.222710e-03  2.467279e-06
468  5.425737e-03  3.742346e-03  -5.158386e-03  5.426735e-03  3.741593e-03  -5.157491e-03  9.975513e-07
469  -1.610553e-03  -2.467739e-03  6.866526e-03  -1.611921e-03  -2.466544e-03  6.867459e-03  1.367751e-06
470  1.578038e-02  1.326541e-02  -8.381382e-03  1.577915e-02  1.326587e-02  -8.381530e-03  1.234623e-06
471  -1.695017e-02  -1.422463e-02  6.380806e-03  -1.694934e-02  -1.422382e-02  6.379932e-03  8.739574e-07
472  5.041988e-03  5.223309e-03  5.051049e-03  5.040015e-03  5.222668e-03  5.050294e-03  1.973261e-06
473  -6.776247e-03  -5.871142e-03  -4.672913e-03  -6.774968e-03  -5.871377e-03  -4.672258e-03  1.278539e-06
474  -6.235104e-03  1.461112e-02  -5.091443e-03  -6.235477e-03  1.461279e-02  -5.092497e-03  1.678224e-06
475  6.435072e-03  -1.508835e-02  4.769276e-03  6.433916e-03  -1.508790e-02  4.767388e-03  1.887856e-06
476  -1.648553e-03  -1.057248e-02  2.884989e-03  -1.651236e-03  -1.057394e-02  2.885975e-03  2.682932e-06
477  4.136381e-03  8.130629e-03  -4.064604e-03  4.136271e-03  8.129568e-03  -4.065719e-03  1.114906e-06
478  -3.282091e-03  6.300327e-03  2.327992e-03  -3.281567e-03  6.298454e-03  2.328438e-03  1.872603e-06
479  3.839824e-03  -5.373586e-03  -5.652885e-03  3.838730e-03  -5.375752e-03  -5.652906e-03  2.165710e-06
480  -4.533907e-04  -5.475019e-04  -3.478855e-05  -4.531968e-04  -5.490291e-04  -3.309552e-05  1.693023e-06
481  1.902263e-04  3.275454e-04  -6.537795e-04  1.910992e-04  3.297029e-04  -6.575789e-04  3.799400e-06
482  1.152032e-02  -1.687008e-02  1.258923e-02  1.151876e-02  -1.687066e-02  1.258832e-02  1.558763e-06
483  -1.256196e-02  1.643563e-02  -1.198453e-02  -1.255888e-02  1.643299e-02  -1.198471e-02  3.078090e-06
484  5.835708e-03  3.158901e-02  1.321811e-03  5.837473e-03  3.158874e-02  1.320879e-03  1.764895e-06
485  -3.021873e-03  -3.199341e-02  -2.849914e-04  -3.018793e-03  -3.199204e-02  -2.853581e-04  3.080295e-06
486  -5.088379e-03  8.855208e-03  1.079462e-02  -5.088662e-03  8.853571e-03  1.079671e-02  2.086500e-06
487  7.625185e-03  -8.679417e-03  -9.205322e-03  7.627052e-03  -8.680656e-03  -9.202692e-03  2.630263e-06
488  -9.130474e-03  -2.184208e-03  -1.848489e-02  -9.133336e-03  -2.182325e-03  -1.848577e-02  2.862168e-06
489  1.082633e-02  4.405464e-03  1.708245e-02  1.082693e-02  4.402833e-03  1.708364e-02  2.631247e-06
490  1.506998e-03  1.640019e-03  7.828101e-04  1.504948e-03  1.642726e-03  7.819852e-04  2.707474e-06
491  -2.003229e-03  -2.607689e-03  -2.237769e-03  -2.003380e-03  -2.607200e-03  -2.234243e-03  3.525033e-06
492  3.734431e-05  -2.772874e-03  1.983002e-04  3.895558e-05  -2.773071e-03  1.968191e-04  1.611262e-06
493  6.964108e-05  2.322348e-03  -3.371231e-04  6.927931e-05  2.323195e-03  -3.333626e-04  3.760542e-06
494  9.919537e-03  -1.642116e-02  4.482249e-03  9.919548e-03  -1.641925e-02  4.482016e-03  1.907570e-06
495  -1.167454e-02  1.539583e-02  -3.534413e-03  -1.166968e-02  1.539518e-02  -3.537016e-03  4.850433e-06
496  5.506085e-04  2.668026e-03  -2.463112e-03  5.480744e-04  2.664911e-03  -2.463082e-03  3.115133e-06
497  -3.747129e-03  -3.407288e-03  1.285062e-03  -3.746940e-03  -3.405687e-03  1.287739e-03  2.677208e-06
498  2.081908e-02  3.297190e-02  -4.638307e-02  2.081766e-02  3.297215e-02  -4.638227e-02  1.419733e-06
499  -2.166181e-02  -3.527409e-02  4.451319e-02  -2.166016e-02  -3.527086e-02  4.451042e-02  3.223977e-06
500  -1.870307e-03  -2.092625e-03  -2.086805e-03  -1.870308e-03  -2.092626e-03  -2.086806e-03  1.447303e-09
